1. iter: 1.473110e-04 1.330414e+01 1.392347e+01 1.461160e+01 1.426383e+01 1.492385e+01 4.082590e-01 
2. iter: 1.473110e-04 1.330414e+01 1.392347e+01 1.461160e+01 1.426383e+01 1.492385e+01 4.082590e-01 
3. iter: 1.340950e-04 1.369292e+01 1.351771e+01 1.404105e+01 1.450035e+01 1.497480e+01 4.082590e-01 
4. iter: 1.340950e-04 1.369292e+01 1.351771e+01 1.404105e+01 1.450035e+01 1.497480e+01 4.082590e-01 
5. iter: 1.340860e-04 1.369292e+01 1.351771e+01 1.413209e+01 1.450035e+01 1.497480e+01 4.082590e-01 
6. iter: 1.340860e-04 1.369292e+01 1.351771e+01 1.413209e+01 1.450035e+01 1.497480e+01 3.751630e-01 
7. iter: 1.340860e-04 1.369292e+01 1.351771e+01 1.413209e+01 1.450035e+01 1.497480e+01 3.877210e-01 
8. iter: 1.340860e-04 1.369292e+01 1.351771e+01 1.413209e+01 1.450035e+01 1.497480e+01 3.877210e-01 
9. iter: 1.317610e-04 1.336251e+01 1.432907e+01 1.461160e+01 1.468158e+01 1.492385e+01 3.445600e-01 
10. iter: 1.317610e-04 1.336251e+01 1.432907e+01 1.461160e+01 1.468158e+01 1.492385e+01 3.445600e-01 
11. iter: 1.271590e-04 1.369292e+01 1.376680e+01 1.413209e+01 1.450035e+01 1.497480e+01 2.868410e-01 
12. iter: 1.271590e-04 1.369292e+01 1.376680e+01 1.413209e+01 1.450035e+01 1.497480e+01 2.868410e-01 
13. iter: 1.269660e-04 1.369292e+01 1.376680e+01 1.413209e+01 1.450035e+01 1.494096e+01 2.868410e-01 
14. iter: 1.269660e-04 1.369292e+01 1.376680e+01 1.413209e+01 1.450035e+01 1.494096e+01 2.868410e-01 
15. iter: 1.269590e-04 1.369292e+01 1.376680e+01 1.413375e+01 1.450035e+01 1.494096e+01 2.868410e-01 
16. iter: 1.269590e-04 1.369292e+01 1.376680e+01 1.413375e+01 1.450035e+01 1.494096e+01 3.299550e-01 
17. iter: 1.265890e-04 1.369292e+01 1.376680e+01 1.413375e+01 1.455646e+01 1.494096e+01 3.299550e-01 
18. iter: 1.265890e-04 1.369292e+01 1.376680e+01 1.413375e+01 1.455646e+01 1.494096e+01 3.299550e-01 
19. iter: 1.232390e-04 1.369292e+01 1.405418e+01 1.413375e+01 1.455646e+01 1.494096e+01 3.299550e-01 
20. iter: 1.232390e-04 1.369292e+01 1.405418e+01 1.413375e+01 1.455646e+01 1.494096e+01 3.299550e-01 
21. iter: 1.232390e-04 1.369292e+01 1.405418e+01 1.413375e+01 1.455646e+01 1.494096e+01 3.425590e-01 
22. iter: 1.217230e-04 1.369292e+01 1.405418e+01 1.428943e+01 1.455646e+01 1.494096e+01 3.425590e-01 
23. iter: 1.217230e-04 1.369292e+01 1.405418e+01 1.428943e+01 1.455646e+01 1.494096e+01 3.425590e-01 
24. iter: 1.215610e-04 1.369292e+01 1.405418e+01 1.428943e+01 1.455646e+01 1.488024e+01 3.425590e-01 
25. iter: 1.215610e-04 1.369292e+01 1.405418e+01 1.428943e+01 1.455646e+01 1.488024e+01 3.351990e-01 
26. iter: 1.215610e-04 1.369292e+01 1.405418e+01 1.428943e+01 1.455646e+01 1.488024e+01 3.351990e-01 
27. iter: 1.215610e-04 1.369292e+01 1.405418e+01 1.428943e+01 1.455646e+01 1.488024e+01 3.351990e-01 
28. iter: 1.215610e-04 1.369292e+01 1.405418e+01 1.428943e+01 1.455646e+01 1.488024e+01 3.351990e-01 
29. iter: 1.164660e-04 1.377268e+01 1.432907e+01 1.484410e+01 1.500000e+01 1.500000e+01 1.788360e-01 
30. iter: 1.164660e-04 1.377268e+01 1.432907e+01 1.484410e+01 1.500000e+01 1.500000e+01 1.788360e-01 
31. iter: 1.164080e-04 1.377268e+01 1.432907e+01 1.481299e+01 1.500000e+01 1.500000e+01 1.780640e-01 
32. iter: 1.164080e-04 1.377268e+01 1.432907e+01 1.481299e+01 1.500000e+01 1.500000e+01 1.780640e-01 
33. iter: 1.161110e-04 1.371717e+01 1.432907e+01 1.481299e+01 1.500000e+01 1.500000e+01 1.969260e-01 
34. iter: 1.161110e-04 1.371717e+01 1.432907e+01 1.481299e+01 1.500000e+01 1.500000e+01 1.969260e-01 
35. iter: 1.161110e-04 1.371717e+01 1.432907e+01 1.481299e+01 1.500000e+01 1.500000e+01 1.969260e-01 
36. iter: 1.161110e-04 1.371717e+01 1.432907e+01 1.481299e+01 1.500000e+01 1.500000e+01 1.969260e-01 
37. iter: 1.161060e-04 1.371717e+01 1.432995e+01 1.481299e+01 1.500000e+01 1.500000e+01 1.969610e-01 
38. iter: 1.161000e-04 1.371266e+01 1.432995e+01 1.481299e+01 1.500000e+01 1.500000e+01 1.985140e-01 
39. iter: 1.159680e-04 1.371266e+01 1.435131e+01 1.481299e+01 1.500000e+01 1.500000e+01 1.993840e-01 
40. iter: 1.159680e-04 1.371266e+01 1.435131e+01 1.481299e+01 1.500000e+01 1.500000e+01 1.993840e-01 
41. iter: 1.159680e-04 1.371266e+01 1.435131e+01 1.481299e+01 1.500000e+01 1.500000e+01 1.993840e-01 
42. iter: 1.156850e-04 1.371266e+01 1.442539e+01 1.481299e+01 1.500000e+01 1.500000e+01 2.028510e-01 
43. iter: 1.156850e-04 1.371266e+01 1.442539e+01 1.481299e+01 1.500000e+01 1.500000e+01 2.028510e-01 
44. iter: 1.156850e-04 1.371266e+01 1.442539e+01 1.481299e+01 1.500000e+01 1.500000e+01 2.028510e-01 
45. iter: 1.156850e-04 1.371266e+01 1.442539e+01 1.481299e+01 1.500000e+01 1.500000e+01 2.028510e-01 
46. iter: 1.156850e-04 1.371266e+01 1.442539e+01 1.481299e+01 1.500000e+01 1.500000e+01 2.028510e-01 
47. iter: 1.156850e-04 1.371266e+01 1.442539e+01 1.481299e+01 1.500000e+01 1.500000e+01 2.028510e-01 
48. iter: 1.156850e-04 1.371266e+01 1.442539e+01 1.481299e+01 1.500000e+01 1.500000e+01 2.028510e-01 
49. iter: 1.156850e-04 1.371266e+01 1.442539e+01 1.481299e+01 1.500000e+01 1.500000e+01 2.028510e-01 
50. iter: 1.156850e-04 1.371266e+01 1.442539e+01 1.481299e+01 1.500000e+01 1.500000e+01 2.028510e-01 
51. iter: 1.156850e-04 1.371266e+01 1.442539e+01 1.481299e+01 1.500000e+01 1.500000e+01 2.028510e-01 
52. iter: 1.156850e-04 1.371266e+01 1.442539e+01 1.481299e+01 1.500000e+01 1.500000e+01 2.028510e-01 
53. iter: 1.156850e-04 1.371266e+01 1.442539e+01 1.481299e+01 1.500000e+01 1.500000e+01 2.028510e-01 
54. iter: 1.156850e-04 1.371266e+01 1.442539e+01 1.481299e+01 1.500000e+01 1.500000e+01 2.028510e-01 
55. iter: 1.156850e-04 1.371266e+01 1.442539e+01 1.481299e+01 1.500000e+01 1.500000e+01 2.028510e-01 
56. iter: 1.156850e-04 1.371266e+01 1.442539e+01 1.481299e+01 1.500000e+01 1.500000e+01 2.028510e-01 
57. iter: 1.156850e-04 1.371266e+01 1.442539e+01 1.481299e+01 1.500000e+01 1.500000e+01 2.028510e-01 
58. iter: 1.156850e-04 1.371266e+01 1.442539e+01 1.481299e+01 1.500000e+01 1.500000e+01 2.028510e-01 
59. iter: 1.156850e-04 1.371266e+01 1.442539e+01 1.481299e+01 1.500000e+01 1.500000e+01 2.028510e-01 
60. iter: 1.156850e-04 1.371266e+01 1.442539e+01 1.481299e+01 1.500000e+01 1.500000e+01 2.028510e-01 
61. iter: 1.156850e-04 1.371266e+01 1.442539e+01 1.481299e+01 1.500000e+01 1.500000e+01 2.028510e-01 
62. iter: 1.156850e-04 1.371266e+01 1.442539e+01 1.481299e+01 1.500000e+01 1.500000e+01 2.028510e-01 
63. iter: 1.156560e-04 1.371266e+01 1.444301e+01 1.481299e+01 1.500000e+01 1.500000e+01 2.038190e-01 
64. iter: 1.156540e-04 1.371237e+01 1.444301e+01 1.481299e+01 1.500000e+01 1.500000e+01 2.039200e-01 
65. iter: 1.156420e-04 1.371237e+01 1.448792e+01 1.481299e+01 1.500000e+01 1.500000e+01 2.065950e-01 
66. iter: 1.156420e-04 1.371237e+01 1.448792e+01 1.481299e+01 1.500000e+01 1.500000e+01 2.065950e-01 
67. iter: 1.156420e-04 1.371237e+01 1.448792e+01 1.481299e+01 1.500000e+01 1.500000e+01 2.065950e-01 
68. iter: 1.156020e-04 1.371237e+01 1.448792e+01 1.482650e+01 1.500000e+01 1.500000e+01 2.068310e-01 
69. iter: 1.156020e-04 1.371237e+01 1.448792e+01 1.482650e+01 1.500000e+01 1.500000e+01 2.068310e-01 
70. iter: 1.156020e-04 1.371237e+01 1.448792e+01 1.482650e+01 1.500000e+01 1.500000e+01 2.068310e-01 
71. iter: 1.156020e-04 1.371237e+01 1.448792e+01 1.482650e+01 1.500000e+01 1.500000e+01 2.068310e-01 
72. iter: 1.156020e-04 1.371237e+01 1.448792e+01 1.482650e+01 1.500000e+01 1.500000e+01 2.068310e-01 
73. iter: 1.156020e-04 1.371237e+01 1.448792e+01 1.482650e+01 1.500000e+01 1.500000e+01 2.068310e-01 
74. iter: 1.156020e-04 1.371237e+01 1.448792e+01 1.482650e+01 1.500000e+01 1.500000e+01 2.068310e-01 
75. iter: 1.156020e-04 1.371237e+01 1.448792e+01 1.482650e+01 1.500000e+01 1.500000e+01 2.068310e-01 
76. iter: 1.156020e-04 1.371237e+01 1.448792e+01 1.482650e+01 1.500000e+01 1.500000e+01 2.068310e-01 
77. iter: 1.155810e-04 1.371237e+01 1.448792e+01 1.483386e+01 1.500000e+01 1.500000e+01 2.069620e-01 
78. iter: 1.155810e-04 1.371237e+01 1.448792e+01 1.483386e+01 1.500000e+01 1.500000e+01 2.069620e-01 
79. iter: 1.155800e-04 1.371237e+01 1.448769e+01 1.483386e+01 1.500000e+01 1.500000e+01 2.069490e-01 
80. iter: 1.155800e-04 1.371237e+01 1.448769e+01 1.483386e+01 1.500000e+01 1.500000e+01 2.069490e-01 
81. iter: 1.155800e-04 1.371237e+01 1.448769e+01 1.483386e+01 1.500000e+01 1.500000e+01 2.069490e-01 
82. iter: 1.155800e-04 1.371237e+01 1.448769e+01 1.483386e+01 1.500000e+01 1.500000e+01 2.069490e-01 
83. iter: 1.155800e-04 1.371237e+01 1.448769e+01 1.483386e+01 1.500000e+01 1.500000e+01 2.069490e-01 
84. iter: 1.155800e-04 1.371237e+01 1.448769e+01 1.483386e+01 1.500000e+01 1.500000e+01 2.069490e-01 
85. iter: 1.155800e-04 1.371237e+01 1.448769e+01 1.483386e+01 1.500000e+01 1.500000e+01 2.069490e-01 
86. iter: 1.155800e-04 1.371237e+01 1.448769e+01 1.483386e+01 1.500000e+01 1.500000e+01 2.069490e-01 
87. iter: 1.155800e-04 1.371237e+01 1.448769e+01 1.483386e+01 1.500000e+01 1.500000e+01 2.069490e-01 
88. iter: 1.155800e-04 1.371237e+01 1.448769e+01 1.483386e+01 1.500000e+01 1.500000e+01 2.069490e-01 
89. iter: 1.155800e-04 1.371237e+01 1.448769e+01 1.483386e+01 1.500000e+01 1.500000e+01 2.069490e-01 
90. iter: 1.155800e-04 1.371237e+01 1.448769e+01 1.483386e+01 1.500000e+01 1.500000e+01 2.069490e-01 
91. iter: 1.155800e-04 1.371237e+01 1.448769e+01 1.483386e+01 1.500000e+01 1.500000e+01 2.069490e-01 
92. iter: 1.155800e-04 1.371237e+01 1.448769e+01 1.483386e+01 1.500000e+01 1.500000e+01 2.069490e-01 
93. iter: 1.155800e-04 1.371237e+01 1.448769e+01 1.483386e+01 1.500000e+01 1.500000e+01 2.069490e-01 
94. iter: 1.155800e-04 1.371237e+01 1.448769e+01 1.483386e+01 1.500000e+01 1.500000e+01 2.069490e-01 
95. iter: 1.155800e-04 1.371237e+01 1.448769e+01 1.483386e+01 1.500000e+01 1.500000e+01 2.069490e-01 
96. iter: 1.155800e-04 1.371237e+01 1.448769e+01 1.483386e+01 1.500000e+01 1.500000e+01 2.069490e-01 
97. iter: 1.155800e-04 1.371237e+01 1.448769e+01 1.483386e+01 1.500000e+01 1.500000e+01 2.069490e-01 
98. iter: 1.155800e-04 1.371237e+01 1.448769e+01 1.483386e+01 1.500000e+01 1.500000e+01 2.069490e-01 
99. iter: 1.155800e-04 1.371237e+01 1.448769e+01 1.483386e+01 1.500000e+01 1.500000e+01 2.069490e-01 
100. iter: 1.155800e-04 1.371237e+01 1.448769e+01 1.483386e+01 1.500000e+01 1.500000e+01 2.069490e-01 
101. iter: 1.155800e-04 1.371237e+01 1.448769e+01 1.483386e+01 1.500000e+01 1.500000e+01 2.069490e-01 
102. iter: 1.155800e-04 1.371237e+01 1.448769e+01 1.483386e+01 1.500000e+01 1.500000e+01 2.069490e-01 
103. iter: 1.155800e-04 1.371237e+01 1.448769e+01 1.483386e+01 1.500000e+01 1.500000e+01 2.069490e-01 
104. iter: 1.155800e-04 1.371237e+01 1.448769e+01 1.483386e+01 1.500000e+01 1.500000e+01 6.344980e-02 
105. iter: 1.155800e-04 1.371237e+01 1.448769e+01 1.483386e+01 1.500000e+01 1.500000e+01 6.445040e-02 
106. iter: 1.155800e-04 1.371237e+01 1.448769e+01 1.483386e+01 1.500000e+01 1.500000e+01 6.445040e-02 
107. iter: 1.155800e-04 1.371237e+01 1.448769e+01 1.483386e+01 1.500000e+01 1.500000e+01 5.850790e-02 
108. iter: 1.155800e-04 1.371237e+01 1.448769e+01 1.483386e+01 1.500000e+01 1.500000e+01 2.121740e-01 
109. iter: 1.155800e-04 1.371237e+01 1.448769e+01 1.483386e+01 1.500000e+01 1.500000e+01 1.984980e-01 
110. iter: 1.155800e-04 1.371237e+01 1.448769e+01 1.483386e+01 1.500000e+01 1.500000e+01 1.984980e-01 
111. iter: 1.155800e-04 1.371237e+01 1.448769e+01 1.483386e+01 1.500000e+01 1.500000e+01 1.589970e-01 
112. iter: 1.155800e-04 1.371237e+01 1.448769e+01 1.483386e+01 1.500000e+01 1.500000e+01 1.589970e-01 
113. iter: 1.155800e-04 1.371237e+01 1.448769e+01 1.483386e+01 1.500000e+01 1.500000e+01 1.589970e-01 
114. iter: 1.155800e-04 1.371237e+01 1.448769e+01 1.483386e+01 1.500000e+01 1.500000e+01 1.589970e-01 
115. iter: 1.155800e-04 1.371237e+01 1.448769e+01 1.483386e+01 1.500000e+01 1.500000e+01 1.774680e-01 
116. iter: 1.155800e-04 1.371237e+01 1.448769e+01 1.483386e+01 1.500000e+01 1.500000e+01 1.774680e-01 
117. iter: 1.155800e-04 1.371237e+01 1.448769e+01 1.483386e+01 1.500000e+01 1.500000e+01 1.774680e-01 
118. iter: 1.155800e-04 1.371237e+01 1.448769e+01 1.483386e+01 1.500000e+01 1.500000e+01 1.759520e-01 
119. iter: 1.155800e-04 1.371237e+01 1.448769e+01 1.483386e+01 1.500000e+01 1.500000e+01 1.750410e-01 
120. iter: 1.155800e-04 1.371237e+01 1.448769e+01 1.483386e+01 1.500000e+01 1.500000e+01 1.750410e-01 
121. iter: 1.155800e-04 1.371237e+01 1.448769e+01 1.483386e+01 1.500000e+01 1.500000e+01 1.750410e-01 
122. iter: 1.155800e-04 1.371237e+01 1.448769e+01 1.483386e+01 1.500000e+01 1.500000e+01 1.750410e-01 
123. iter: 1.155800e-04 1.371237e+01 1.448769e+01 1.483386e+01 1.500000e+01 1.500000e+01 1.750410e-01 
124. iter: 1.155800e-04 1.371237e+01 1.448769e+01 1.483386e+01 1.500000e+01 1.500000e+01 1.750410e-01 
125. iter: 1.155800e-04 1.371237e+01 1.448769e+01 1.483386e+01 1.500000e+01 1.500000e+01 1.750410e-01 
126. iter: 1.155800e-04 1.371237e+01 1.448769e+01 1.483386e+01 1.500000e+01 1.500000e+01 1.739930e-01 
127. iter: 1.155800e-04 1.371237e+01 1.448769e+01 1.483386e+01 1.500000e+01 1.500000e+01 1.739930e-01 
128. iter: 1.155800e-04 1.371237e+01 1.448769e+01 1.483386e+01 1.500000e+01 1.500000e+01 1.677250e-01 
129. iter: 1.155800e-04 1.371237e+01 1.448769e+01 1.483386e+01 1.500000e+01 1.500000e+01 2.147720e-01 
