1. iter: 1.328510e-04 1.339299e+01 1.415756e+01 1.439208e+01 1.442154e+01 1.473609e+01 
2. iter: 1.328510e-04 1.339299e+01 1.415756e+01 1.439208e+01 1.442154e+01 1.473609e+01 
3. iter: 1.328510e-04 1.339299e+01 1.415756e+01 1.439208e+01 1.442154e+01 1.473609e+01 
4. iter: 1.328510e-04 1.339299e+01 1.415756e+01 1.439208e+01 1.442154e+01 1.473609e+01 
5. iter: 1.328510e-04 1.339299e+01 1.415756e+01 1.439208e+01 1.442154e+01 1.473609e+01 
6. iter: 1.328510e-04 1.339299e+01 1.415756e+01 1.439208e+01 1.442154e+01 1.473609e+01 
7. iter: 1.328510e-04 1.339299e+01 1.415756e+01 1.439208e+01 1.442154e+01 1.473609e+01 
8. iter: 1.328510e-04 1.339299e+01 1.415756e+01 1.439208e+01 1.442154e+01 1.473609e+01 
9. iter: 1.328510e-04 1.339299e+01 1.415756e+01 1.439208e+01 1.442154e+01 1.473609e+01 
10. iter: 1.328510e-04 1.339299e+01 1.415756e+01 1.439208e+01 1.442154e+01 1.473609e+01 
11. iter: 1.328510e-04 1.339299e+01 1.415756e+01 1.439208e+01 1.442154e+01 1.473609e+01 
12. iter: 1.328510e-04 1.339299e+01 1.415756e+01 1.439208e+01 1.442154e+01 1.473609e+01 
13. iter: 1.328510e-04 1.339299e+01 1.415756e+01 1.439208e+01 1.442154e+01 1.473609e+01 
14. iter: 1.328510e-04 1.339299e+01 1.415756e+01 1.439208e+01 1.442154e+01 1.473609e+01 
15. iter: 1.328510e-04 1.339299e+01 1.415756e+01 1.439208e+01 1.442154e+01 1.473609e+01 
16. iter: 1.328510e-04 1.339299e+01 1.415756e+01 1.439208e+01 1.442154e+01 1.473609e+01 
17. iter: 1.328510e-04 1.339299e+01 1.415756e+01 1.439208e+01 1.442154e+01 1.473609e+01 
18. iter: 1.328510e-04 1.339299e+01 1.415756e+01 1.439208e+01 1.442154e+01 1.473609e+01 
19. iter: 1.328510e-04 1.339299e+01 1.415756e+01 1.439208e+01 1.442154e+01 1.473609e+01 
20. iter: 1.328510e-04 1.339299e+01 1.415756e+01 1.439208e+01 1.442154e+01 1.473609e+01 
21. iter: 1.328510e-04 1.339299e+01 1.415756e+01 1.439208e+01 1.442154e+01 1.473609e+01 
22. iter: 1.328510e-04 1.339299e+01 1.415756e+01 1.439208e+01 1.442154e+01 1.473609e+01 
23. iter: 1.328510e-04 1.339299e+01 1.415756e+01 1.439208e+01 1.442154e+01 1.473609e+01 
24. iter: 1.328510e-04 1.339299e+01 1.415756e+01 1.439208e+01 1.442154e+01 1.473609e+01 
25. iter: 1.328510e-04 1.339299e+01 1.415756e+01 1.439208e+01 1.442154e+01 1.473609e+01 
26. iter: 1.328510e-04 1.339299e+01 1.415756e+01 1.439208e+01 1.442154e+01 1.473609e+01 
27. iter: 1.328510e-04 1.339299e+01 1.415756e+01 1.439208e+01 1.442154e+01 1.473609e+01 
28. iter: 1.328510e-04 1.339299e+01 1.415756e+01 1.439208e+01 1.442154e+01 1.473609e+01 
29. iter: 1.328510e-04 1.339299e+01 1.415756e+01 1.439208e+01 1.442154e+01 1.473609e+01 
30. iter: 1.328510e-04 1.339299e+01 1.415756e+01 1.439208e+01 1.442154e+01 1.473609e+01 
31. iter: 1.328510e-04 1.339299e+01 1.415756e+01 1.439208e+01 1.442154e+01 1.473609e+01 
32. iter: 1.328510e-04 1.339299e+01 1.415756e+01 1.439208e+01 1.442154e+01 1.473609e+01 
33. iter: 1.328510e-04 1.339299e+01 1.415756e+01 1.439208e+01 1.442154e+01 1.473609e+01 
34. iter: 1.328510e-04 1.339299e+01 1.415756e+01 1.439208e+01 1.442154e+01 1.473609e+01 
35. iter: 1.328510e-04 1.339299e+01 1.415756e+01 1.439208e+01 1.442154e+01 1.473609e+01 
36. iter: 1.328510e-04 1.339299e+01 1.415756e+01 1.439208e+01 1.442154e+01 1.473609e+01 
37. iter: 1.328510e-04 1.339299e+01 1.415756e+01 1.439208e+01 1.442154e+01 1.473609e+01 
38. iter: 1.328510e-04 1.339299e+01 1.415756e+01 1.439208e+01 1.442154e+01 1.473609e+01 
39. iter: 1.328510e-04 1.339299e+01 1.415756e+01 1.439208e+01 1.442154e+01 1.473609e+01 
40. iter: 1.328510e-04 1.339299e+01 1.415756e+01 1.439208e+01 1.442154e+01 1.473609e+01 
41. iter: 1.328510e-04 1.339299e+01 1.415756e+01 1.439208e+01 1.442154e+01 1.473609e+01 
42. iter: 1.328510e-04 1.339299e+01 1.415756e+01 1.439208e+01 1.442154e+01 1.473609e+01 
43. iter: 1.328510e-04 1.339299e+01 1.415756e+01 1.439208e+01 1.442154e+01 1.473609e+01 
44. iter: 1.328510e-04 1.339299e+01 1.415756e+01 1.439208e+01 1.442154e+01 1.473609e+01 
45. iter: 1.328510e-04 1.339299e+01 1.415756e+01 1.439208e+01 1.442154e+01 1.473609e+01 
46. iter: 1.328510e-04 1.339299e+01 1.415756e+01 1.439208e+01 1.442154e+01 1.473609e+01 
47. iter: 1.328510e-04 1.339299e+01 1.415756e+01 1.439208e+01 1.442154e+01 1.473609e+01 
48. iter: 1.328510e-04 1.339299e+01 1.415756e+01 1.439208e+01 1.442154e+01 1.473609e+01 
49. iter: 1.328510e-04 1.339299e+01 1.415756e+01 1.439208e+01 1.442154e+01 1.473609e+01 
50. iter: 1.328510e-04 1.339299e+01 1.415756e+01 1.439208e+01 1.442154e+01 1.473609e+01 
51. iter: 1.328510e-04 1.339299e+01 1.415756e+01 1.439208e+01 1.442154e+01 1.473609e+01 
52. iter: 1.328510e-04 1.339299e+01 1.415756e+01 1.439208e+01 1.442154e+01 1.473609e+01 
53. iter: 1.328510e-04 1.339299e+01 1.415756e+01 1.439208e+01 1.442154e+01 1.473609e+01 
54. iter: 1.328510e-04 1.339299e+01 1.415756e+01 1.439208e+01 1.442154e+01 1.473609e+01 
55. iter: 1.328510e-04 1.339299e+01 1.415756e+01 1.439208e+01 1.442154e+01 1.473609e+01 
56. iter: 1.328510e-04 1.339299e+01 1.415756e+01 1.439208e+01 1.442154e+01 1.473609e+01 
57. iter: 1.328510e-04 1.339299e+01 1.415756e+01 1.439208e+01 1.442154e+01 1.473609e+01 
58. iter: 1.328510e-04 1.339299e+01 1.415756e+01 1.439208e+01 1.442154e+01 1.473609e+01 
59. iter: 1.328510e-04 1.339299e+01 1.415756e+01 1.439208e+01 1.442154e+01 1.473609e+01 
60. iter: 1.328510e-04 1.339299e+01 1.415756e+01 1.439208e+01 1.442154e+01 1.473609e+01 
61. iter: 1.328510e-04 1.339299e+01 1.415756e+01 1.439208e+01 1.442154e+01 1.473609e+01 
62. iter: 1.328510e-04 1.339299e+01 1.415756e+01 1.439208e+01 1.442154e+01 1.473609e+01 
63. iter: 1.276560e-04 1.343479e+01 1.390116e+01 1.462391e+01 1.496605e+01 1.500000e+01 
64. iter: 1.276560e-04 1.343479e+01 1.390116e+01 1.462391e+01 1.496605e+01 1.500000e+01 
65. iter: 1.276560e-04 1.343479e+01 1.390116e+01 1.462391e+01 1.496605e+01 1.500000e+01 
66. iter: 1.276560e-04 1.343479e+01 1.390116e+01 1.462391e+01 1.496605e+01 1.500000e+01 
67. iter: 1.276560e-04 1.343479e+01 1.390116e+01 1.462391e+01 1.496605e+01 1.500000e+01 
68. iter: 1.276560e-04 1.343479e+01 1.390116e+01 1.462391e+01 1.496605e+01 1.500000e+01 
69. iter: 1.276560e-04 1.343479e+01 1.390116e+01 1.462391e+01 1.496605e+01 1.500000e+01 
70. iter: 1.276560e-04 1.343479e+01 1.390116e+01 1.462391e+01 1.496605e+01 1.500000e+01 
71. iter: 1.276560e-04 1.343479e+01 1.390116e+01 1.462391e+01 1.496605e+01 1.500000e+01 
72. iter: 1.276560e-04 1.343479e+01 1.390116e+01 1.462391e+01 1.496605e+01 1.500000e+01 
73. iter: 1.276560e-04 1.343479e+01 1.390116e+01 1.462391e+01 1.496605e+01 1.500000e+01 
74. iter: 1.276560e-04 1.343479e+01 1.390116e+01 1.462391e+01 1.496605e+01 1.500000e+01 
75. iter: 1.276560e-04 1.343479e+01 1.390116e+01 1.462391e+01 1.496605e+01 1.500000e+01 
76. iter: 1.276560e-04 1.343479e+01 1.390116e+01 1.462391e+01 1.496605e+01 1.500000e+01 
77. iter: 1.276560e-04 1.343479e+01 1.390116e+01 1.462391e+01 1.496605e+01 1.500000e+01 
78. iter: 1.276560e-04 1.343479e+01 1.390116e+01 1.462391e+01 1.496605e+01 1.500000e+01 
79. iter: 1.276560e-04 1.343479e+01 1.390116e+01 1.462391e+01 1.496605e+01 1.500000e+01 
80. iter: 1.276560e-04 1.343479e+01 1.390116e+01 1.462391e+01 1.496605e+01 1.500000e+01 
81. iter: 1.276560e-04 1.343479e+01 1.390116e+01 1.462391e+01 1.496605e+01 1.500000e+01 
82. iter: 1.276560e-04 1.343479e+01 1.390116e+01 1.462391e+01 1.496605e+01 1.500000e+01 
83. iter: 1.276560e-04 1.343479e+01 1.390116e+01 1.462391e+01 1.496605e+01 1.500000e+01 
84. iter: 1.276560e-04 1.343479e+01 1.390116e+01 1.462391e+01 1.496605e+01 1.500000e+01 
85. iter: 1.276560e-04 1.343479e+01 1.390116e+01 1.462391e+01 1.496605e+01 1.500000e+01 
86. iter: 1.276560e-04 1.343479e+01 1.390116e+01 1.462391e+01 1.496605e+01 1.500000e+01 
87. iter: 1.276560e-04 1.343479e+01 1.390116e+01 1.462391e+01 1.496605e+01 1.500000e+01 
88. iter: 1.276560e-04 1.343479e+01 1.390116e+01 1.462391e+01 1.496605e+01 1.500000e+01 
89. iter: 1.276560e-04 1.343479e+01 1.390116e+01 1.462391e+01 1.496605e+01 1.500000e+01 
90. iter: 1.276560e-04 1.343479e+01 1.390116e+01 1.462391e+01 1.496605e+01 1.500000e+01 
91. iter: 1.276560e-04 1.343479e+01 1.390116e+01 1.462391e+01 1.496605e+01 1.500000e+01 
92. iter: 1.276560e-04 1.343479e+01 1.390116e+01 1.462391e+01 1.496605e+01 1.500000e+01 
93. iter: 1.276560e-04 1.343479e+01 1.390116e+01 1.462391e+01 1.496605e+01 1.500000e+01 
94. iter: 1.276560e-04 1.343479e+01 1.390116e+01 1.462391e+01 1.496605e+01 1.500000e+01 
95. iter: 1.276560e-04 1.343479e+01 1.390116e+01 1.462391e+01 1.496605e+01 1.500000e+01 
96. iter: 1.276560e-04 1.343479e+01 1.390116e+01 1.462391e+01 1.496605e+01 1.500000e+01 
97. iter: 1.276560e-04 1.343479e+01 1.390116e+01 1.462391e+01 1.496605e+01 1.500000e+01 
98. iter: 1.276560e-04 1.343479e+01 1.390116e+01 1.462391e+01 1.496605e+01 1.500000e+01 
99. iter: 1.276560e-04 1.343479e+01 1.390116e+01 1.462391e+01 1.496605e+01 1.500000e+01 
100. iter: 1.276560e-04 1.343479e+01 1.390116e+01 1.462391e+01 1.496605e+01 1.500000e+01 
101. iter: 1.276560e-04 1.343479e+01 1.390116e+01 1.462391e+01 1.496605e+01 1.500000e+01 
102. iter: 1.276560e-04 1.343479e+01 1.390116e+01 1.462391e+01 1.496605e+01 1.500000e+01 
103. iter: 1.276560e-04 1.343479e+01 1.390116e+01 1.462391e+01 1.496605e+01 1.500000e+01 
104. iter: 1.276560e-04 1.343479e+01 1.390116e+01 1.462391e+01 1.496605e+01 1.500000e+01 
105. iter: 1.276560e-04 1.343479e+01 1.390116e+01 1.462391e+01 1.496605e+01 1.500000e+01 
106. iter: 1.276560e-04 1.343479e+01 1.390116e+01 1.462391e+01 1.496605e+01 1.500000e+01 
107. iter: 1.276560e-04 1.343479e+01 1.390116e+01 1.462391e+01 1.496605e+01 1.500000e+01 
108. iter: 1.276560e-04 1.343479e+01 1.390116e+01 1.462391e+01 1.496605e+01 1.500000e+01 
109. iter: 1.276560e-04 1.343479e+01 1.390116e+01 1.462391e+01 1.496605e+01 1.500000e+01 
110. iter: 1.276560e-04 1.343479e+01 1.390116e+01 1.462391e+01 1.496605e+01 1.500000e+01 
111. iter: 1.276560e-04 1.343479e+01 1.390116e+01 1.462391e+01 1.496605e+01 1.500000e+01 
112. iter: 1.276560e-04 1.343479e+01 1.390116e+01 1.462391e+01 1.496605e+01 1.500000e+01 
113. iter: 1.276560e-04 1.343479e+01 1.390116e+01 1.462391e+01 1.496605e+01 1.500000e+01 
114. iter: 1.276560e-04 1.343479e+01 1.390116e+01 1.462391e+01 1.496605e+01 1.500000e+01 
115. iter: 1.276560e-04 1.343479e+01 1.390116e+01 1.462391e+01 1.496605e+01 1.500000e+01 
116. iter: 1.276560e-04 1.343479e+01 1.390116e+01 1.462391e+01 1.496605e+01 1.500000e+01 
117. iter: 1.276560e-04 1.343479e+01 1.390116e+01 1.462391e+01 1.496605e+01 1.500000e+01 
118. iter: 1.276560e-04 1.343479e+01 1.390116e+01 1.462391e+01 1.496605e+01 1.500000e+01 
119. iter: 1.276560e-04 1.343479e+01 1.390116e+01 1.462391e+01 1.496605e+01 1.500000e+01 
120. iter: 1.276560e-04 1.343479e+01 1.390116e+01 1.462391e+01 1.496605e+01 1.500000e+01 
121. iter: 1.276560e-04 1.343479e+01 1.390116e+01 1.462391e+01 1.496605e+01 1.500000e+01 
122. iter: 1.276560e-04 1.343479e+01 1.390116e+01 1.462391e+01 1.496605e+01 1.500000e+01 
123. iter: 1.276560e-04 1.343479e+01 1.390116e+01 1.462391e+01 1.496605e+01 1.500000e+01 
124. iter: 1.276560e-04 1.343479e+01 1.390116e+01 1.462391e+01 1.496605e+01 1.500000e+01 
125. iter: 1.276560e-04 1.343479e+01 1.390116e+01 1.462391e+01 1.496605e+01 1.500000e+01 
126. iter: 1.276560e-04 1.343479e+01 1.390116e+01 1.462391e+01 1.496605e+01 1.500000e+01 
127. iter: 1.276560e-04 1.343479e+01 1.390116e+01 1.462391e+01 1.496605e+01 1.500000e+01 
128. iter: 1.276560e-04 1.343479e+01 1.390116e+01 1.462391e+01 1.496605e+01 1.500000e+01 
129. iter: 1.276560e-04 1.343479e+01 1.390116e+01 1.462391e+01 1.496605e+01 1.500000e+01 
130. iter: 1.276560e-04 1.343479e+01 1.390116e+01 1.462391e+01 1.496605e+01 1.500000e+01 
131. iter: 1.276560e-04 1.343479e+01 1.390116e+01 1.462391e+01 1.496605e+01 1.500000e+01 
132. iter: 1.276560e-04 1.343479e+01 1.390116e+01 1.462391e+01 1.496605e+01 1.500000e+01 
133. iter: 1.276560e-04 1.343479e+01 1.390116e+01 1.462391e+01 1.496605e+01 1.500000e+01 
134. iter: 1.276560e-04 1.343479e+01 1.390116e+01 1.462391e+01 1.496605e+01 1.500000e+01 
135. iter: 1.276560e-04 1.343479e+01 1.390116e+01 1.462391e+01 1.496605e+01 1.500000e+01 
136. iter: 1.276560e-04 1.343479e+01 1.390116e+01 1.462391e+01 1.496605e+01 1.500000e+01 
137. iter: 1.276560e-04 1.343479e+01 1.390116e+01 1.462391e+01 1.496605e+01 1.500000e+01 
138. iter: 1.276560e-04 1.343479e+01 1.390116e+01 1.462391e+01 1.496605e+01 1.500000e+01 
139. iter: 1.276560e-04 1.343479e+01 1.390116e+01 1.462391e+01 1.496605e+01 1.500000e+01 
140. iter: 1.276560e-04 1.343479e+01 1.390116e+01 1.462391e+01 1.496605e+01 1.500000e+01 
141. iter: 1.276560e-04 1.343479e+01 1.390116e+01 1.462391e+01 1.496605e+01 1.500000e+01 
142. iter: 1.276560e-04 1.343479e+01 1.390116e+01 1.462391e+01 1.496605e+01 1.500000e+01 
143. iter: 1.276560e-04 1.343479e+01 1.390116e+01 1.462391e+01 1.496605e+01 1.500000e+01 
144. iter: 1.276560e-04 1.343479e+01 1.390116e+01 1.462391e+01 1.496605e+01 1.500000e+01 
145. iter: 1.276560e-04 1.343479e+01 1.390116e+01 1.462391e+01 1.496605e+01 1.500000e+01 
146. iter: 1.276560e-04 1.343479e+01 1.390116e+01 1.462391e+01 1.496605e+01 1.500000e+01 
147. iter: 1.276560e-04 1.343479e+01 1.390116e+01 1.462391e+01 1.496605e+01 1.500000e+01 
148. iter: 1.276560e-04 1.343479e+01 1.390116e+01 1.462391e+01 1.496605e+01 1.500000e+01 
149. iter: 1.276560e-04 1.343479e+01 1.390116e+01 1.462391e+01 1.496605e+01 1.500000e+01 
150. iter: 1.276560e-04 1.343479e+01 1.390116e+01 1.462391e+01 1.496605e+01 1.500000e+01 
151. iter: 1.276560e-04 1.343479e+01 1.390116e+01 1.462391e+01 1.496605e+01 1.500000e+01 
152. iter: 1.276560e-04 1.343479e+01 1.390116e+01 1.462391e+01 1.496605e+01 1.500000e+01 
153. iter: 1.276560e-04 1.343479e+01 1.390116e+01 1.462391e+01 1.496605e+01 1.500000e+01 
154. iter: 1.276560e-04 1.343479e+01 1.390116e+01 1.462391e+01 1.496605e+01 1.500000e+01 
155. iter: 1.276560e-04 1.343479e+01 1.390116e+01 1.462391e+01 1.496605e+01 1.500000e+01 
156. iter: 1.276560e-04 1.343479e+01 1.390116e+01 1.462391e+01 1.496605e+01 1.500000e+01 
157. iter: 1.276560e-04 1.343479e+01 1.390116e+01 1.462391e+01 1.496605e+01 1.500000e+01 
158. iter: 1.276560e-04 1.343479e+01 1.390116e+01 1.462391e+01 1.496605e+01 1.500000e+01 
159. iter: 1.276560e-04 1.343479e+01 1.390116e+01 1.462391e+01 1.496605e+01 1.500000e+01 
160. iter: 1.276560e-04 1.343479e+01 1.390116e+01 1.462391e+01 1.496605e+01 1.500000e+01 
161. iter: 1.276560e-04 1.343479e+01 1.390116e+01 1.462391e+01 1.496605e+01 1.500000e+01 
162. iter: 1.276560e-04 1.343479e+01 1.390116e+01 1.462391e+01 1.496605e+01 1.500000e+01 
163. iter: 1.276560e-04 1.343479e+01 1.390116e+01 1.462391e+01 1.496605e+01 1.500000e+01 
164. iter: 1.276560e-04 1.343479e+01 1.390116e+01 1.462391e+01 1.496605e+01 1.500000e+01 
165. iter: 1.276560e-04 1.343479e+01 1.390116e+01 1.462391e+01 1.496605e+01 1.500000e+01 
166. iter: 1.276560e-04 1.343479e+01 1.390116e+01 1.462391e+01 1.496605e+01 1.500000e+01 
167. iter: 1.276560e-04 1.343479e+01 1.390116e+01 1.462391e+01 1.496605e+01 1.500000e+01 
