/*--------------------------------*- C++ -*----------------------------------*\
| =========                 |                                                 |
| \\      /  F ield         | OpenFOAM: The Open Source CFD Toolbox           |
|  \\    /   O peration     | Version:  2.2.x                                 |
|   \\  /    A nd           | Web:      www.OpenFOAM.org                      |
|    \\/     M anipulation  |                                                 |
\*---------------------------------------------------------------------------*/
FoamFile
{
    version     2.0;
    format      ascii;
    class       volScalarField;
    location    "2000";
    object      k;
}
// * * * * * * * * * * * * * * * * * * * * * * * * * * * * * * * * * * * * * //

dimensions      [0 2 -2 0 0 0 0];

internalField   nonuniform List<scalar> 
5000
(
0.658799
0.495267
0.443788
0.437676
0.426851
0.414766
0.404355
0.396208
0.390167
0.385828
0.38276
0.380598
0.37907
0.377978
0.377188
0.376608
0.376175
0.375846
0.375594
0.375397
0.375241
0.375117
0.375016
0.374935
0.374867
0.374812
0.374765
0.374726
0.374694
0.374666
0.374642
0.374622
0.374604
0.374589
0.374576
0.374564
0.374554
0.374546
0.374538
0.374531
0.374525
0.37452
0.374516
0.374512
0.374508
0.374505
0.374502
0.3745
0.374499
0.374497
1.04112
0.560105
0.471707
0.471952
0.458883
0.443792
0.429198
0.416309
0.405718
0.397469
0.391279
0.386743
0.383462
0.381098
0.37939
0.378147
0.377232
0.37655
0.376034
0.375638
0.37533
0.375087
0.374893
0.374737
0.37461
0.374505
0.374419
0.374346
0.374285
0.374233
0.374189
0.374151
0.374119
0.374091
0.374066
0.374045
0.374026
0.374009
0.373995
0.373982
0.37397
0.37396
0.37395
0.373942
0.373935
0.373928
0.373923
0.373917
0.373913
0.37391
1.35534
0.606157
0.495266
0.499274
0.486555
0.470714
0.453931
0.437812
0.423507
0.411579
0.402097
0.394824
0.389385
0.385382
0.382458
0.380324
0.378758
0.3776
0.376733
0.376076
0.375571
0.375177
0.374866
0.374618
0.374418
0.374254
0.374119
0.374006
0.373912
0.373833
0.373765
0.373707
0.373657
0.373614
0.373576
0.373543
0.373514
0.373488
0.373466
0.373445
0.373427
0.373411
0.373396
0.373383
0.373371
0.37336
0.37335
0.373342
0.373334
0.373328
1.59596
0.645956
0.513787
0.519602
0.509736
0.494777
0.47715
0.45909
0.44213
0.427186
0.414674
0.404626
0.396819
0.390903
0.386493
0.383235
0.380834
0.37906
0.377738
0.376744
0.375986
0.375402
0.374945
0.374583
0.374293
0.374058
0.373865
0.373705
0.373572
0.37346
0.373365
0.373284
0.373215
0.373154
0.373102
0.373056
0.373015
0.372979
0.372948
0.372919
0.372894
0.372871
0.37285
0.372831
0.372814
0.372799
0.372785
0.372773
0.372762
0.372753
1.76446
0.67813
0.527549
0.535183
0.529771
0.516655
0.498969
0.479781
0.460973
0.443687
0.428578
0.415925
0.405711
0.397714
0.391597
0.386993
0.383562
0.381012
0.379113
0.377689
0.376611
0.375785
0.375145
0.374642
0.374243
0.373921
0.373659
0.373443
0.373264
0.373114
0.372988
0.37288
0.372788
0.372708
0.372639
0.372579
0.372526
0.372479
0.372438
0.372401
0.372367
0.372338
0.372311
0.372286
0.372265
0.372245
0.372227
0.372211
0.372197
0.372185
1.86452
0.700218
0.536342
0.547187
0.547519
0.536931
0.519699
0.499892
0.47979
0.46071
0.443457
0.428484
0.415962
0.405828
0.397852
0.39171
0.387054
0.383556
0.380938
0.378973
0.377491
0.376361
0.375492
0.374813
0.374278
0.37385
0.373505
0.373222
0.372989
0.372794
0.372631
0.372493
0.372375
0.372273
0.372186
0.37211
0.372043
0.371984
0.371933
0.371887
0.371846
0.371809
0.371776
0.371746
0.37172
0.371696
0.371675
0.371656
0.371639
0.371625
1.90291
0.710896
0.539923
0.55595
0.563153
0.5557
0.539358
0.519318
0.498336
0.477913
0.458949
0.442004
0.427384
0.415175
0.405279
0.397461
0.391408
0.386792
0.383301
0.38067
0.378682
0.377172
0.376015
0.375118
0.374415
0.373858
0.37341
0.373046
0.372748
0.372501
0.372295
0.372121
0.371973
0.371847
0.371739
0.371645
0.371564
0.371493
0.37143
0.371375
0.371326
0.371283
0.371244
0.37121
0.371179
0.371152
0.371128
0.371107
0.371089
0.371074
1.88923
0.710373
0.538536
0.561619
0.576535
0.572746
0.557707
0.537785
0.51628
0.494906
0.474642
0.456104
0.439681
0.425572
0.413804
0.404253
0.396684
0.390798
0.386285
0.382851
0.380246
0.378266
0.376752
0.375584
0.374674
0.373956
0.373384
0.372923
0.372546
0.372237
0.37198
0.371764
0.371583
0.371429
0.371297
0.371184
0.371086
0.371002
0.370928
0.370863
0.370807
0.370757
0.370713
0.370675
0.370641
0.370612
0.370586
0.370564
0.370546
0.370531
1.83515
0.700407
0.533134
0.564512
0.587504
0.58776
0.574403
0.554942
0.533251
0.511288
0.490113
0.470374
0.452497
0.436753
0.423268
0.412028
0.402895
0.395636
0.389968
0.385599
0.382257
0.379705
0.377753
0.37625
0.375084
0.37417
0.373445
0.372864
0.372393
0.372008
0.371691
0.371426
0.371205
0.371018
0.37086
0.370725
0.37061
0.37051
0.370425
0.37035
0.370286
0.370231
0.370182
0.370141
0.370105
0.370074
0.370048
0.370027
0.370011
0.369998
1.75191
0.683824
0.525246
0.56522
0.595783
0.600094
0.588639
0.569925
0.548369
0.526171
0.504476
0.483952
0.465033
0.44802
0.433103
0.420358
0.409742
0.401108
0.394231
0.388843
0.384672
0.381464
0.379
0.377104
0.375635
0.374488
0.373583
0.372862
0.372281
0.37181
0.371423
0.371103
0.370837
0.370614
0.370426
0.370268
0.370133
0.370018
0.36992
0.369836
0.369765
0.369704
0.369652
0.369608
0.369571
0.36954
0.369516
0.369496
0.369483
0.369474
1.69284
0.669135
0.519503
0.565319
0.600057
0.606709
0.596512
0.578466
0.55724
0.53515
0.513384
0.49261
0.473258
0.455634
0.439952
0.426334
0.414799
0.405263
0.397551
0.39143
0.38664
0.382927
0.380061
0.377848
0.376132
0.374792
0.373736
0.372896
0.372221
0.371673
0.371225
0.370854
0.370546
0.370288
0.370071
0.369887
0.369731
0.369598
0.369485
0.369388
0.369305
0.369233
0.369173
0.369121
0.369078
0.369042
0.369013
0.36899
0.368974
0.368963
1.6381
0.658808
0.515449
0.565119
0.603209
0.611939
0.602933
0.585542
0.564656
0.542711
0.52094
0.500023
0.480385
0.462329
0.446078
0.431782
0.419501
0.409202
0.400757
0.393972
0.388606
0.384411
0.381154
0.37863
0.376668
0.375135
0.373928
0.372968
0.372197
0.371571
0.37106
0.370637
0.370286
0.369991
0.369744
0.369534
0.369355
0.369203
0.369073
0.368961
0.368865
0.368783
0.368712
0.368652
0.368601
0.368559
0.368524
0.368496
0.368476
0.368462
1.58315
0.650625
0.512614
0.564637
0.605558
0.616322
0.608591
0.591942
0.571468
0.549728
0.528015
0.507027
0.48719
0.4688
0.452083
0.437204
0.424256
0.413249
0.404103
0.396661
0.390711
0.386019
0.382351
0.379495
0.37727
0.37553
0.37416
0.373071
0.372197
0.37149
0.370911
0.370434
0.370037
0.369705
0.369425
0.369188
0.368987
0.368814
0.368667
0.36854
0.368432
0.368338
0.368258
0.368189
0.368131
0.368082
0.368042
0.36801
0.367986
0.367969
1.52821
0.644271
0.511154
0.564167
0.607259
0.619919
0.613513
0.59769
0.57771
0.55625
0.534667
0.513684
0.493728
0.475092
0.458
0.442627
0.429088
0.417429
0.407613
0.399524
0.392984
0.387777
0.383676
0.380466
0.377957
0.375992
0.374444
0.373215
0.37223
0.371434
0.370784
0.370248
0.369803
0.36943
0.369117
0.368851
0.368625
0.368433
0.368267
0.368126
0.368004
0.367899
0.367809
0.367732
0.367666
0.367612
0.367566
0.36753
0.367503
0.367484
1.47355
0.63972
0.51128
0.564042
0.608553
0.62288
0.617787
0.602841
0.583416
0.562295
0.540899
0.51998
0.499974
0.481169
0.463785
0.448
0.433946
0.421697
0.411253
0.402539
0.395412
0.389679
0.385127
0.381543
0.37873
0.376523
0.374783
0.373402
0.372297
0.371405
0.370677
0.370079
0.369582
0.369167
0.368818
0.368523
0.368272
0.368058
0.367874
0.367717
0.367581
0.367465
0.367365
0.36728
0.367207
0.367147
0.367097
0.367057
0.367027
0.367006
1.41967
0.636983
0.513168
0.56454
0.609665
0.625359
0.621511
0.607459
0.588628
0.567886
0.54672
0.525912
0.505909
0.486998
0.469394
0.453275
0.43878
0.426005
0.414982
0.405673
0.397971
0.391711
0.386696
0.382721
0.379588
0.377121
0.375175
0.373632
0.372397
0.371402
0.370592
0.369927
0.369376
0.368916
0.36853
0.368203
0.367926
0.367689
0.367487
0.367313
0.367164
0.367036
0.366926
0.366833
0.366753
0.366687
0.366632
0.366589
0.366557
0.366534
1.36714
0.63613
0.516966
0.56589
0.610797
0.627494
0.624776
0.611604
0.593386
0.573054
0.552148
0.531488
0.51153
0.492565
0.474802
0.458414
0.443548
0.430311
0.418762
0.408896
0.400638
0.393856
0.388374
0.383995
0.380526
0.377786
0.375621
0.373902
0.37253
0.371425
0.370527
0.369791
0.369182
0.368675
0.36825
0.36789
0.367586
0.367326
0.367104
0.366914
0.366751
0.366611
0.366492
0.36639
0.366304
0.366232
0.366173
0.366126
0.366092
0.366068
1.31648
0.63727
0.522802
0.568285
0.61213
0.629417
0.627669
0.615335
0.597733
0.577828
0.557208
0.536721
0.516843
0.497864
0.479992
0.463395
0.448218
0.434581
0.42256
0.412177
0.403391
0.396099
0.390149
0.38536
0.381542
0.378515
0.376118
0.374214
0.372695
0.371472
0.370481
0.36967
0.369001
0.368444
0.367978
0.367585
0.367252
0.366968
0.366727
0.36652
0.366342
0.366191
0.366061
0.365951
0.365858
0.36578
0.365717
0.365668
0.365631
0.365606
1.2681
0.640515
0.530781
0.571889
0.613833
0.631256
0.630278
0.618712
0.601713
0.582243
0.561922
0.541629
0.521856
0.502896
0.484955
0.468198
0.452767
0.438786
0.426345
0.41549
0.406206
0.398421
0.392009
0.386806
0.382632
0.379306
0.376665
0.374566
0.37289
0.371544
0.370455
0.369564
0.368831
0.368223
0.367714
0.367286
0.366923
0.366615
0.366353
0.366129
0.365937
0.365773
0.365634
0.365515
0.365415
0.365332
0.365265
0.365213
0.365174
0.365149
1.22237
0.645963
0.540973
0.576835
0.616056
0.633132
0.632689
0.621795
0.605367
0.586328
0.566315
0.54623
0.52658
0.507665
0.489689
0.472812
0.457175
0.442901
0.43009
0.418806
0.409059
0.400805
0.393941
0.388325
0.383788
0.380156
0.377261
0.374957
0.373117
0.37164
0.370446
0.369473
0.368673
0.36801
0.367457
0.366992
0.366599
0.366266
0.365983
0.365741
0.365535
0.365359
0.365209
0.365082
0.364975
0.364887
0.364816
0.36476
0.364721
0.364694
1.17956
0.653687
0.553416
0.583222
0.618929
0.635155
0.634985
0.624643
0.608739
0.590116
0.57041
0.550541
0.531027
0.512176
0.494192
0.47723
0.461427
0.446906
0.433772
0.422102
0.411928
0.403229
0.395929
0.389905
0.385005
0.381059
0.377903
0.375384
0.373372
0.371758
0.370454
0.369394
0.368524
0.367805
0.367205
0.366703
0.366279
0.365921
0.365616
0.365356
0.365135
0.364946
0.364786
0.36465
0.364537
0.364444
0.364368
0.36431
0.364269
0.364242
1.13991
0.663725
0.5681
0.591119
0.622559
0.637427
0.637243
0.627311
0.611867
0.593635
0.57423
0.554579
0.53521
0.516438
0.498466
0.481446
0.465512
0.450783
0.43737
0.425356
0.414791
0.405675
0.397957
0.391535
0.386272
0.38201
0.378586
0.375846
0.373655
0.371897
0.370479
0.369327
0.368384
0.367606
0.36696
0.366418
0.365963
0.365577
0.36525
0.364973
0.364736
0.364535
0.364364
0.36422
0.3641
0.364001
0.363922
0.363861
0.363819
0.363791
1.10361
0.676071
0.58497
0.60056
0.627032
0.640034
0.639534
0.629853
0.614791
0.596915
0.577797
0.558361
0.539141
0.520457
0.502513
0.485458
0.469422
0.454521
0.440865
0.428547
0.417626
0.408124
0.400009
0.393202
0.387582
0.383003
0.379306
0.37634
0.373963
0.372056
0.370519
0.369272
0.368253
0.367414
0.366718
0.366137
0.365649
0.365236
0.364887
0.36459
0.364338
0.364124
0.363943
0.363791
0.363664
0.36356
0.363477
0.363414
0.363369
0.363342
1.07079
0.690667
0.60392
0.611543
0.632407
0.643048
0.641922
0.632317
0.617547
0.599981
0.58113
0.561901
0.54283
0.52424
0.506335
0.489264
0.473149
0.458107
0.444244
0.431656
0.420416
0.410557
0.402069
0.394892
0.388923
0.384029
0.380059
0.376861
0.374294
0.372233
0.370572
0.369227
0.36813
0.367228
0.366481
0.365859
0.365337
0.364897
0.364525
0.364209
0.363942
0.363715
0.363523
0.363362
0.363228
0.363119
0.363032
0.362966
0.36292
0.362893
1.04155
0.707396
0.624788
0.624031
0.63872
0.646527
0.64446
0.634748
0.620167
0.602859
0.584247
0.565212
0.546287
0.527793
0.509936
0.492862
0.47669
0.461531
0.447492
0.434669
0.423141
0.412956
0.404119
0.396591
0.390285
0.385081
0.380837
0.377407
0.374646
0.372426
0.370638
0.369191
0.368013
0.367046
0.366247
0.365582
0.365026
0.364558
0.364163
0.363828
0.363545
0.363305
0.363103
0.362933
0.362792
0.362678
0.362587
0.362518
0.362471
0.362443
1.01594
0.726078
0.64736
0.637946
0.645976
0.650506
0.647191
0.637181
0.62268
0.605569
0.587162
0.568305
0.549518
0.531121
0.513317
0.496251
0.480038
0.464786
0.450597
0.437569
0.425785
0.415304
0.406145
0.398285
0.391655
0.386149
0.381635
0.377971
0.375014
0.372634
0.370715
0.369164
0.367902
0.366868
0.366016
0.365308
0.364717
0.36422
0.363801
0.363448
0.363148
0.362895
0.362682
0.362504
0.362356
0.362236
0.362141
0.362069
0.36202
0.361993
0.993964
0.746476
0.671369
0.653173
0.654152
0.655005
0.650144
0.639644
0.625107
0.608126
0.589888
0.571189
0.55253
0.534226
0.516479
0.499429
0.483189
0.467862
0.453548
0.440343
0.428334
0.417586
0.40813
0.39996
0.393022
0.387224
0.382445
0.378549
0.375395
0.372852
0.370801
0.369143
0.367795
0.366694
0.365787
0.365035
0.364408
0.363883
0.36344
0.363067
0.362751
0.362485
0.362261
0.362074
0.361919
0.361793
0.361694
0.36162
0.361569
0.361541
0.9756
0.768299
0.696508
0.669554
0.663193
0.660015
0.65333
0.642153
0.627464
0.610542
0.592432
0.573867
0.555324
0.537109
0.51942
0.502393
0.486138
0.470754
0.456336
0.44298
0.430772
0.419785
0.41006
0.401602
0.394373
0.388295
0.383259
0.379135
0.375786
0.373078
0.370894
0.369127
0.367693
0.366522
0.36556
0.364763
0.3641
0.363545
0.363079
0.362686
0.362354
0.362074
0.361839
0.361643
0.361481
0.361349
0.361246
0.361169
0.361117
0.361088
0.96079
0.791219
0.722429
0.686889
0.673008
0.665506
0.656745
0.644712
0.629755
0.612822
0.594797
0.576341
0.557901
0.53977
0.522138
0.50514
0.48888
0.473453
0.458951
0.445467
0.433088
0.421889
0.41192
0.403197
0.395697
0.389354
0.38407
0.379723
0.37618
0.37331
0.370991
0.369115
0.367593
0.366352
0.365334
0.364492
0.363793
0.363208
0.362717
0.362304
0.361956
0.361663
0.361416
0.361211
0.361042
0.360905
0.360797
0.360716
0.360662
0.360633
0.949446
0.814895
0.748772
0.704944
0.683475
0.671421
0.660367
0.647317
0.631983
0.614967
0.596984
0.578612
0.560262
0.542208
0.524634
0.507668
0.491412
0.475956
0.461388
0.447797
0.43527
0.423885
0.413698
0.404735
0.396982
0.39039
0.384869
0.380306
0.376575
0.373544
0.371091
0.369106
0.367496
0.366184
0.365108
0.364221
0.363485
0.36287
0.362355
0.361922
0.361557
0.36125
0.360993
0.360778
0.360602
0.360458
0.360346
0.360262
0.360206
0.360176
0.941509
0.839272
0.775411
0.723625
0.694547
0.677741
0.664192
0.64997
0.634152
0.616986
0.599003
0.580691
0.562416
0.544434
0.526917
0.509989
0.493745
0.478271
0.463652
0.449974
0.437322
0.425775
0.415393
0.406211
0.398226
0.391399
0.385653
0.380883
0.376967
0.373777
0.371191
0.369097
0.367398
0.366015
0.364882
0.363949
0.363176
0.362531
0.361992
0.361539
0.361157
0.360837
0.360568
0.360344
0.36016
0.360011
0.359894
0.359806
0.359748
0.359717
0.937257
0.864113
0.802309
0.742865
0.70618
0.684443
0.668211
0.652669
0.636266
0.618886
0.600863
0.582587
0.564376
0.546461
0.529002
0.512116
0.495892
0.480413
0.465758
0.45201
0.439252
0.427564
0.417009
0.407628
0.399428
0.392381
0.386421
0.38145
0.377354
0.374008
0.37129
0.369087
0.367299
0.365844
0.364654
0.363675
0.362864
0.36219
0.361625
0.361152
0.360754
0.36042
0.36014
0.359907
0.359715
0.35956
0.359438
0.359348
0.359287
0.359255
0.937045
0.888055
0.828831
0.762536
0.718276
0.691456
0.672381
0.655394
0.638318
0.620665
0.602567
0.584307
0.56615
0.548298
0.530898
0.514057
0.497862
0.482387
0.467709
0.453907
0.441061
0.429251
0.418543
0.408983
0.400586
0.393334
0.387169
0.382006
0.377735
0.374236
0.371387
0.369075
0.367198
0.365671
0.364423
0.363397
0.362549
0.361844
0.361256
0.360762
0.360348
0.36
0.359709
0.359467
0.359268
0.359107
0.35898
0.358886
0.358823
0.35879
0.940594
0.910539
0.854224
0.782271
0.730774
0.698764
0.676688
0.658136
0.640304
0.622325
0.604118
0.585856
0.567743
0.549952
0.532612
0.515822
0.499661
0.484201
0.469511
0.455669
0.442753
0.430839
0.419997
0.410275
0.401698
0.394254
0.387897
0.38255
0.378109
0.37446
0.371482
0.369061
0.367095
0.365496
0.364189
0.363117
0.362231
0.361496
0.360883
0.360369
0.359939
0.359577
0.359275
0.359024
0.358817
0.35865
0.35852
0.358422
0.358357
0.358323
0.947246
0.931179
0.878082
0.801698
0.743495
0.706306
0.681111
0.660883
0.64222
0.623865
0.605522
0.587241
0.569165
0.551431
0.534153
0.517418
0.501299
0.485862
0.471173
0.457305
0.444333
0.432332
0.421372
0.411506
0.402764
0.395142
0.388604
0.38308
0.378475
0.374679
0.371573
0.369045
0.36699
0.365318
0.363953
0.362833
0.36191
0.361144
0.360507
0.359973
0.359526
0.359151
0.358838
0.358578
0.358364
0.358192
0.358056
0.357956
0.357888
0.357853
0.956276
0.949728
0.900088
0.82051
0.756275
0.714022
0.685629
0.663632
0.644066
0.625291
0.606783
0.588468
0.570421
0.552743
0.535528
0.518852
0.502782
0.487376
0.472699
0.458817
0.445803
0.433731
0.42267
0.412676
0.403783
0.395997
0.389288
0.383596
0.378833
0.374893
0.371662
0.369027
0.366883
0.365138
0.363714
0.362547
0.361586
0.36079
0.360127
0.359574
0.35911
0.358722
0.358398
0.358129
0.357908
0.35773
0.35759
0.357486
0.357417
0.357381
0.966998
0.966073
0.920032
0.838441
0.768947
0.721839
0.69022
0.666379
0.645847
0.626608
0.607908
0.589545
0.571519
0.553895
0.536745
0.520133
0.504116
0.488751
0.474094
0.46021
0.447167
0.435037
0.42389
0.413783
0.404755
0.396817
0.389949
0.384097
0.379182
0.375102
0.371747
0.369006
0.366773
0.364956
0.363473
0.362258
0.361259
0.360432
0.359745
0.359171
0.358692
0.358291
0.357956
0.357678
0.35745
0.357265
0.357121
0.357014
0.356943
0.356906
0.978812
0.980211
0.937807
0.855277
0.781353
0.729681
0.694855
0.669115
0.647563
0.627821
0.608905
0.590478
0.572468
0.554897
0.537813
0.521268
0.505311
0.489992
0.475364
0.461488
0.448428
0.436254
0.425035
0.414829
0.405679
0.397602
0.390585
0.384582
0.37952
0.375304
0.371829
0.368983
0.366662
0.364772
0.36323
0.361967
0.360929
0.360072
0.35936
0.358766
0.35827
0.357856
0.35751
0.357223
0.356988
0.356799
0.35665
0.35654
0.356466
0.356428
0.991218
0.992215
0.953393
0.870861
0.793351
0.737472
0.699504
0.671835
0.649218
0.628937
0.609782
0.591278
0.573277
0.555756
0.53874
0.522265
0.506373
0.491108
0.476517
0.462658
0.449591
0.437385
0.426106
0.415815
0.406556
0.398352
0.391196
0.38505
0.379847
0.375501
0.371906
0.368957
0.366549
0.364586
0.362984
0.361674
0.360597
0.359709
0.358972
0.358358
0.357846
0.357418
0.357062
0.356767
0.356524
0.356329
0.356176
0.356063
0.355987
0.355948
1.00381
1.00221
0.966839
0.885092
0.804821
0.745143
0.704139
0.67453
0.650813
0.629963
0.610547
0.591954
0.573955
0.556482
0.539535
0.523134
0.507312
0.492106
0.47756
0.463725
0.450662
0.438434
0.427108
0.416743
0.407387
0.399067
0.391782
0.385501
0.380164
0.37569
0.37198
0.368929
0.366434
0.364398
0.362737
0.361378
0.360263
0.359343
0.358581
0.357947
0.357419
0.356978
0.356611
0.356307
0.356058
0.355857
0.3557
0.355584
0.355506
0.355466
1.01626
1.01037
0.978245
0.897918
0.815669
0.752631
0.708732
0.677195
0.652353
0.630906
0.61121
0.592516
0.574513
0.557087
0.540209
0.523884
0.508136
0.492994
0.478499
0.464698
0.451647
0.439407
0.428043
0.417616
0.408174
0.399749
0.392343
0.385935
0.38047
0.375873
0.37205
0.368899
0.366317
0.364209
0.362488
0.361081
0.359927
0.358975
0.358188
0.357534
0.35699
0.356536
0.356158
0.355846
0.35559
0.355383
0.355222
0.355103
0.355023
0.354982
1.02833
1.01686
0.987748
0.909334
0.825826
0.759884
0.713261
0.679825
0.653842
0.631777
0.611782
0.592976
0.574963
0.557582
0.540773
0.524527
0.508856
0.493783
0.479344
0.465583
0.452551
0.440308
0.428917
0.418437
0.408919
0.400398
0.392881
0.386353
0.380766
0.37605
0.372117
0.368867
0.3662
0.364019
0.362238
0.360782
0.359589
0.358606
0.357793
0.357119
0.356558
0.356091
0.355703
0.355382
0.355119
0.354907
0.354742
0.35462
0.354538
0.354496
1.03979
1.02186
0.995509
0.919373
0.83525
0.76686
0.717706
0.682419
0.655289
0.632586
0.612277
0.593347
0.575318
0.557978
0.541238
0.525072
0.509481
0.494482
0.480104
0.466388
0.453382
0.441143
0.429732
0.419209
0.409625
0.401016
0.393397
0.386756
0.381052
0.376222
0.372181
0.368834
0.366081
0.363829
0.361988
0.360483
0.35925
0.358235
0.357397
0.356702
0.356125
0.355645
0.355246
0.354916
0.354647
0.35443
0.35426
0.354135
0.354051
0.354008
1.05048
1.02557
1.0017
0.928102
0.843928
0.773533
0.722057
0.684979
0.656703
0.633348
0.612709
0.593644
0.575592
0.55829
0.541618
0.525533
0.510024
0.4951
0.480787
0.467121
0.454147
0.441919
0.430496
0.419937
0.410294
0.401607
0.393892
0.387144
0.381329
0.376388
0.372242
0.368799
0.365963
0.363638
0.361737
0.360183
0.35891
0.357863
0.356999
0.356284
0.35569
0.355197
0.354787
0.354449
0.354172
0.35395
0.353777
0.353648
0.353563
0.353518
1.06025
1.02814
1.00652
0.935613
0.85187
0.779893
0.72631
0.687512
0.658096
0.634077
0.613095
0.593883
0.575801
0.558531
0.541927
0.525922
0.510495
0.495649
0.481404
0.467791
0.454853
0.442641
0.431213
0.420625
0.410931
0.402172
0.394369
0.38752
0.381599
0.376551
0.372302
0.368765
0.365845
0.363448
0.361487
0.359883
0.358569
0.35749
0.3566
0.355864
0.355254
0.354747
0.354327
0.35398
0.353697
0.353469
0.353292
0.35316
0.353073
0.353027
1.06896
1.02976
1.01014
0.942022
0.859113
0.785944
0.730471
0.690031
0.659488
0.634793
0.613452
0.594082
0.57596
0.558719
0.542177
0.526251
0.510907
0.49614
0.481964
0.468407
0.455509
0.443318
0.431889
0.421278
0.411539
0.402714
0.394829
0.387885
0.381862
0.37671
0.372361
0.368731
0.365728
0.363259
0.361237
0.359583
0.358229
0.357117
0.356201
0.355444
0.354817
0.354296
0.353865
0.35351
0.35322
0.352987
0.352805
0.352671
0.352581
0.352535
1.07646
1.03058
1.01276
0.94747
0.86572
0.791713
0.734558
0.692555
0.660898
0.635518
0.613803
0.594261
0.576089
0.558868
0.542385
0.526535
0.511272
0.496584
0.482478
0.468979
0.456123
0.443956
0.43253
0.421901
0.412122
0.403238
0.395275
0.388242
0.38212
0.376867
0.37242
0.368698
0.365613
0.363072
0.360989
0.359285
0.357889
0.356743
0.355801
0.355022
0.354378
0.353844
0.353403
0.353039
0.352742
0.352503
0.352318
0.35218
0.352089
0.352042
1.08262
1.03076
1.01461
0.952121
0.871778
0.797242
0.738601
0.695113
0.662355
0.636277
0.61417
0.59444
0.576206
0.558997
0.542566
0.526788
0.511604
0.496992
0.482956
0.469516
0.456703
0.444561
0.433142
0.422499
0.412685
0.403745
0.39571
0.388591
0.382374
0.377024
0.37248
0.368668
0.3655
0.362888
0.360743
0.358987
0.35755
0.356371
0.355401
0.354601
0.353939
0.353392
0.352939
0.352566
0.352262
0.352019
0.351829
0.351689
0.351595
0.351547
1.08725
1.03048
1.0159
0.956164
0.877404
0.802595
0.742645
0.697742
0.66389
0.637099
0.614579
0.594642
0.576332
0.559123
0.542736
0.527024
0.511915
0.497377
0.483409
0.470026
0.457257
0.445142
0.433732
0.423077
0.413232
0.40424
0.396137
0.388935
0.382627
0.377181
0.372543
0.368641
0.365391
0.362706
0.3605
0.358692
0.357212
0.355999
0.355001
0.354179
0.3535
0.352939
0.352475
0.352093
0.351783
0.351533
0.35134
0.351196
0.351101
0.351052
1.09005
1.03002
1.01698
0.959839
0.88271
0.807834
0.746743
0.700494
0.665552
0.638024
0.615064
0.594896
0.576489
0.559267
0.542914
0.52726
0.512218
0.497751
0.483847
0.470519
0.457792
0.445705
0.434305
0.423641
0.413766
0.404727
0.396558
0.389277
0.382881
0.377341
0.37261
0.368618
0.365286
0.362529
0.36026
0.3584
0.356877
0.355628
0.354603
0.353758
0.353061
0.352486
0.35201
0.35162
0.351302
0.351047
0.350849
0.350703
0.350606
0.350556
1.09092
1.02954
1.01795
0.963202
0.887755
0.81299
0.750898
0.703362
0.667331
0.639043
0.615616
0.595193
0.576671
0.55942
0.543089
0.527485
0.512507
0.498105
0.484264
0.470991
0.458307
0.446248
0.434858
0.424187
0.414286
0.405202
0.396971
0.389615
0.383133
0.377502
0.372679
0.368599
0.365186
0.362356
0.360024
0.358111
0.356543
0.355259
0.354205
0.353337
0.352622
0.352032
0.351546
0.351146
0.350821
0.350561
0.350359
0.35021
0.35011
0.35006
1.09037
1.0293
1.0189
0.966245
0.892427
0.817908
0.754971
0.706239
0.669151
0.640103
0.616193
0.595498
0.576846
0.559556
0.543239
0.52768
0.51276
0.498422
0.484643
0.471423
0.458783
0.446754
0.435378
0.424704
0.414781
0.405657
0.397369
0.389942
0.383378
0.37766
0.372747
0.368581
0.365087
0.362184
0.35979
0.357823
0.356211
0.354891
0.353808
0.352917
0.352184
0.351579
0.351081
0.350672
0.35034
0.350074
0.349868
0.349716
0.349614
0.349563
1.08917
1.02909
1.01972
0.968959
0.896728
0.822576
0.758944
0.709111
0.671004
0.641198
0.616796
0.595814
0.577019
0.559677
0.543366
0.527844
0.51298
0.498703
0.484983
0.471818
0.459222
0.447225
0.435865
0.425191
0.41525
0.40609
0.39775
0.390256
0.383615
0.377813
0.372814
0.368562
0.364989
0.362015
0.359557
0.357537
0.355881
0.354524
0.353411
0.352497
0.351745
0.351125
0.350616
0.350198
0.349858
0.349587
0.349376
0.349221
0.349118
0.349065
1.08777
1.02886
1.02037
0.971338
0.900658
0.826984
0.762798
0.711963
0.672881
0.642326
0.617424
0.596143
0.577191
0.559787
0.543473
0.527983
0.513169
0.49895
0.485289
0.472177
0.459626
0.447662
0.436321
0.425649
0.415694
0.406503
0.398115
0.390558
0.383844
0.377961
0.372878
0.368545
0.364893
0.361848
0.359327
0.357254
0.355552
0.354158
0.353016
0.352078
0.351307
0.350672
0.350151
0.349723
0.349377
0.3491
0.348885
0.348727
0.348622
0.348568
1.08631
1.0286
1.02087
0.973407
0.904235
0.83113
0.766523
0.714782
0.674771
0.643481
0.618074
0.596484
0.577364
0.559888
0.543563
0.528099
0.513331
0.499167
0.485563
0.472504
0.459998
0.448067
0.436748
0.426081
0.416115
0.406895
0.398464
0.390849
0.384065
0.378105
0.372941
0.368527
0.364799
0.361683
0.3591
0.356972
0.355226
0.353795
0.352622
0.35166
0.350869
0.350219
0.349686
0.349249
0.348895
0.348613
0.348393
0.348232
0.348125
0.348071
1.08487
1.02832
1.02124
0.9752
0.907484
0.835019
0.770111
0.717558
0.676668
0.644658
0.618746
0.596837
0.577539
0.559983
0.543639
0.528195
0.513468
0.499356
0.485807
0.4728
0.460339
0.448443
0.437146
0.426487
0.416513
0.407269
0.398797
0.391129
0.384279
0.378244
0.373002
0.368509
0.364705
0.36152
0.358875
0.356693
0.354901
0.353432
0.352229
0.351242
0.350432
0.349767
0.349221
0.348775
0.348414
0.348125
0.347902
0.347738
0.347629
0.347573
1.08348
1.02801
1.02148
0.976743
0.91043
0.838662
0.773559
0.720283
0.678564
0.645854
0.619437
0.597203
0.577719
0.560072
0.543702
0.528273
0.513583
0.49952
0.486023
0.473067
0.460651
0.448791
0.437518
0.426869
0.416889
0.407624
0.399116
0.391397
0.384484
0.378379
0.373062
0.368492
0.364614
0.361359
0.358652
0.356416
0.354579
0.353072
0.351838
0.350826
0.349996
0.349316
0.348757
0.348302
0.347933
0.347638
0.347411
0.347243
0.347132
0.347076
1.08215
1.02765
1.0216
0.978063
0.913097
0.842067
0.776865
0.722951
0.680453
0.647063
0.620145
0.59758
0.577901
0.560157
0.543755
0.528334
0.513677
0.49966
0.486214
0.473308
0.460936
0.449113
0.437864
0.427227
0.417245
0.407962
0.39942
0.391654
0.384683
0.37851
0.373119
0.368474
0.364523
0.3612
0.358432
0.356142
0.354259
0.352714
0.351448
0.350411
0.349562
0.348865
0.348294
0.347828
0.347452
0.347152
0.34692
0.346749
0.346636
0.346579
1.08087
1.02723
1.0216
0.979179
0.915507
0.845245
0.780028
0.725557
0.682331
0.648283
0.620867
0.597969
0.578089
0.560239
0.543798
0.52838
0.513752
0.499778
0.486381
0.473524
0.461196
0.449409
0.438186
0.427563
0.41758
0.408282
0.399711
0.3919
0.384873
0.378635
0.373174
0.368457
0.364434
0.361044
0.358214
0.355871
0.353941
0.352358
0.35106
0.349998
0.349128
0.348415
0.347831
0.347356
0.346971
0.346666
0.346429
0.346255
0.34614
0.346082
1.07965
1.02673
1.0215
0.98011
0.917682
0.84821
0.78305
0.728097
0.684192
0.64951
0.621603
0.598368
0.57828
0.560319
0.543832
0.528412
0.51381
0.499876
0.486526
0.473715
0.461432
0.449681
0.438485
0.427877
0.417896
0.408585
0.399987
0.392136
0.385056
0.378757
0.373227
0.368439
0.364347
0.36089
0.357999
0.355602
0.353626
0.352004
0.350674
0.349586
0.348695
0.347966
0.347369
0.346884
0.346492
0.34618
0.345939
0.345762
0.345645
0.345585
1.07846
1.02613
1.02128
0.980872
0.919639
0.850972
0.785934
0.730569
0.686033
0.65074
0.62235
0.598777
0.578476
0.560397
0.543859
0.528433
0.513852
0.499955
0.486649
0.473885
0.461645
0.449931
0.438763
0.428171
0.418193
0.408873
0.40025
0.392361
0.385232
0.378873
0.373278
0.368421
0.36426
0.360738
0.357787
0.355336
0.353314
0.351652
0.350291
0.349176
0.348264
0.347518
0.346909
0.346413
0.346013
0.345695
0.345449
0.345269
0.34515
0.345089
1.07729
1.02543
1.02095
0.981476
0.921396
0.853542
0.788682
0.73297
0.68785
0.651972
0.623107
0.599196
0.578678
0.560475
0.54388
0.528442
0.513878
0.500016
0.486753
0.474034
0.461836
0.450159
0.439019
0.428445
0.418473
0.409144
0.4005
0.392576
0.3854
0.378985
0.373327
0.368403
0.364175
0.360588
0.357577
0.355073
0.353004
0.351303
0.349909
0.348768
0.347834
0.347071
0.346449
0.345942
0.345534
0.34521
0.34496
0.344777
0.344655
0.344594
1.07613
1.02463
1.02052
0.981935
0.922968
0.855934
0.791301
0.7353
0.689643
0.653204
0.623873
0.599624
0.578884
0.560553
0.543896
0.528442
0.513892
0.50006
0.486838
0.474162
0.462006
0.450366
0.439256
0.4287
0.418735
0.409401
0.400737
0.392781
0.385561
0.379092
0.373373
0.368385
0.364091
0.36044
0.35737
0.354812
0.352697
0.350956
0.349529
0.348361
0.347406
0.346626
0.34599
0.345473
0.345057
0.344726
0.344472
0.344285
0.344161
0.344099
1.07497
1.02372
1.01997
0.982257
0.924369
0.858156
0.793793
0.73756
0.691408
0.654433
0.624647
0.600061
0.579097
0.560631
0.543907
0.528433
0.513893
0.50009
0.486906
0.474272
0.462158
0.450554
0.439473
0.428937
0.418981
0.409642
0.400962
0.392976
0.385715
0.379195
0.373417
0.368366
0.364008
0.360295
0.357166
0.354555
0.352393
0.350612
0.349152
0.347957
0.34698
0.346182
0.345532
0.345005
0.34458
0.344243
0.343984
0.343794
0.343668
0.343605
1.07378
1.02271
1.01932
0.98245
0.925612
0.86022
0.796164
0.73975
0.693144
0.655658
0.625427
0.600506
0.579315
0.560711
0.543916
0.528416
0.513883
0.500106
0.486958
0.474365
0.462291
0.450724
0.439672
0.429157
0.419211
0.40987
0.401175
0.393162
0.385862
0.379293
0.373459
0.368347
0.363926
0.360151
0.356964
0.3543
0.352091
0.350271
0.348777
0.347554
0.346555
0.34574
0.345076
0.344537
0.344104
0.343761
0.343497
0.343303
0.343176
0.343111
1.07257
1.02159
1.01858
0.982524
0.926707
0.862135
0.798419
0.74187
0.694851
0.656879
0.626214
0.60096
0.57954
0.560794
0.543922
0.528394
0.513863
0.500109
0.486995
0.474442
0.462407
0.450876
0.439854
0.42936
0.419425
0.410084
0.401376
0.393338
0.386002
0.379387
0.373499
0.368327
0.363845
0.36001
0.356765
0.354049
0.351793
0.349932
0.348405
0.347154
0.346132
0.345299
0.344621
0.344071
0.343629
0.34328
0.343011
0.342814
0.342684
0.342618
1.07133
1.02037
1.01773
0.982484
0.927665
0.863912
0.800563
0.743924
0.696529
0.658094
0.627007
0.601422
0.579771
0.560879
0.543928
0.528366
0.513834
0.5001
0.487018
0.474503
0.462507
0.451012
0.44002
0.429548
0.419625
0.410285
0.401566
0.393505
0.386135
0.379475
0.373535
0.368307
0.363765
0.35987
0.356569
0.3538
0.351498
0.349597
0.348035
0.346756
0.345712
0.34486
0.344167
0.343606
0.343156
0.3428
0.342526
0.342325
0.342193
0.342126
1.07003
1.01905
1.01679
0.982339
0.928495
0.865558
0.802603
0.745912
0.698178
0.659304
0.627805
0.601894
0.58001
0.560969
0.543933
0.528334
0.513798
0.500081
0.48703
0.47455
0.462591
0.451132
0.44017
0.42972
0.41981
0.410473
0.401745
0.393664
0.386261
0.37956
0.37357
0.368286
0.363686
0.359732
0.356375
0.353554
0.351205
0.349264
0.347668
0.34636
0.345293
0.344422
0.343715
0.343142
0.342683
0.34232
0.342041
0.341837
0.341703
0.341635
1.06869
1.01764
1.01577
0.982095
0.929209
0.867083
0.804545
0.747838
0.699798
0.660508
0.62861
0.602375
0.580258
0.561063
0.543939
0.528299
0.513756
0.500053
0.487029
0.474584
0.462662
0.451237
0.440305
0.429878
0.419982
0.410648
0.401913
0.393813
0.386381
0.37964
0.373602
0.368264
0.363607
0.359596
0.356183
0.353311
0.350915
0.348933
0.347303
0.345967
0.344876
0.343987
0.343264
0.34268
0.342212
0.341842
0.341558
0.34135
0.341214
0.341145
1.06728
1.01614
1.01467
0.981763
0.929815
0.868497
0.806394
0.749706
0.701392
0.661708
0.629421
0.602866
0.580514
0.561164
0.543947
0.528263
0.513708
0.500017
0.487019
0.474606
0.46272
0.451328
0.440426
0.430023
0.420142
0.410813
0.402071
0.393954
0.386494
0.379715
0.373631
0.368241
0.363529
0.359462
0.355994
0.35307
0.350629
0.348606
0.346941
0.345576
0.344461
0.343552
0.342815
0.342219
0.341741
0.341365
0.341076
0.340864
0.340725
0.340655
1.0658
1.01456
1.01349
0.981348
0.930328
0.86982
0.808174
0.751534
0.702975
0.662914
0.630247
0.603373
0.580783
0.561273
0.543959
0.528226
0.513657
0.499974
0.486999
0.474618
0.462766
0.451408
0.440536
0.430156
0.42029
0.410967
0.402221
0.394088
0.386602
0.379787
0.373658
0.368218
0.363451
0.359329
0.355807
0.352832
0.350344
0.34828
0.34658
0.345186
0.344047
0.343119
0.342366
0.341758
0.341272
0.340888
0.340594
0.340379
0.340238
0.340167
1.06424
1.01289
1.01222
0.980851
0.930759
0.871069
0.809902
0.753341
0.704561
0.664138
0.631095
0.6039
0.581068
0.561392
0.543976
0.528189
0.513602
0.499925
0.486972
0.474621
0.462802
0.451477
0.440635
0.430279
0.420429
0.411113
0.402363
0.394216
0.386705
0.379855
0.373684
0.368194
0.363374
0.359196
0.355621
0.352595
0.350061
0.347956
0.34622
0.344796
0.343633
0.342686
0.341918
0.341298
0.340802
0.340411
0.340112
0.339894
0.339751
0.339679
1.0626
1.01112
1.01088
0.980275
0.931107
0.872241
0.811573
0.75512
0.706145
0.665375
0.631962
0.604447
0.581369
0.561521
0.543998
0.528154
0.513544
0.499871
0.486936
0.474614
0.462827
0.451535
0.440722
0.430391
0.420558
0.411249
0.402498
0.394338
0.386803
0.37992
0.373707
0.368169
0.363297
0.359065
0.355436
0.352359
0.349779
0.347633
0.345862
0.344408
0.34322
0.342253
0.34147
0.340838
0.340332
0.339935
0.339631
0.33941
0.339265
0.339192
1.06087
1.00928
1.00947
0.979626
0.931374
0.873334
0.813182
0.756864
0.707719
0.666621
0.632846
0.605011
0.581684
0.561661
0.544026
0.52812
0.513485
0.499811
0.486893
0.474598
0.462843
0.451583
0.440799
0.430492
0.420676
0.411376
0.402624
0.394452
0.386896
0.379981
0.373728
0.368143
0.36322
0.358935
0.355253
0.352126
0.349498
0.347311
0.345504
0.344021
0.342808
0.341821
0.341022
0.340378
0.339863
0.339459
0.33915
0.338926
0.338779
0.338706
1.05906
1.00737
1.008
0.978909
0.931564
0.874348
0.814727
0.758568
0.709279
0.667871
0.633744
0.605591
0.582014
0.561812
0.54406
0.528087
0.513423
0.499747
0.486843
0.474572
0.462848
0.451619
0.440865
0.430582
0.420784
0.411494
0.402741
0.394559
0.386982
0.380038
0.373746
0.368116
0.363142
0.358805
0.355071
0.351894
0.34922
0.346992
0.345149
0.343635
0.342397
0.341391
0.340575
0.339919
0.339395
0.338984
0.33867
0.338443
0.338294
0.338221
1.05718
1.0054
1.00647
0.978133
0.93168
0.875283
0.816204
0.760228
0.710821
0.669121
0.634653
0.606186
0.582358
0.561974
0.544102
0.528058
0.513361
0.499678
0.486787
0.474539
0.462843
0.451645
0.440919
0.430661
0.420881
0.411601
0.402849
0.394659
0.387062
0.38009
0.373761
0.368087
0.363065
0.358676
0.35489
0.351664
0.348944
0.346674
0.344795
0.343251
0.341988
0.340961
0.34013
0.339461
0.338928
0.33851
0.338191
0.337961
0.337811
0.337737
1.05523
1.00341
1.00492
0.977308
0.93173
0.876143
0.817614
0.761841
0.712339
0.670367
0.635569
0.606794
0.582715
0.562146
0.54415
0.528032
0.513298
0.499606
0.486724
0.474497
0.462828
0.45166
0.440962
0.430728
0.420967
0.411697
0.402947
0.394749
0.387136
0.380136
0.373772
0.368056
0.362987
0.358548
0.354712
0.351436
0.348671
0.34636
0.344445
0.342869
0.341581
0.340534
0.339686
0.339004
0.338462
0.338037
0.337713
0.33748
0.337328
0.337255
1.05321
1.00139
1.00334
0.976444
0.931721
0.876932
0.818955
0.763403
0.71383
0.671606
0.63649
0.607412
0.583083
0.562328
0.544205
0.52801
0.513236
0.499532
0.486656
0.474448
0.462805
0.451664
0.440994
0.430784
0.421041
0.411783
0.403036
0.394832
0.387202
0.380178
0.37378
0.368023
0.362908
0.358421
0.354535
0.351211
0.3484
0.346048
0.344097
0.342491
0.341177
0.340108
0.339244
0.338549
0.337997
0.337565
0.337237
0.337
0.336847
0.336773
1.05115
0.999369
1.00175
0.975551
0.93166
0.877653
0.82023
0.764914
0.71529
0.672833
0.637414
0.608039
0.583462
0.56252
0.544267
0.527991
0.513174
0.499455
0.486583
0.474392
0.462772
0.451659
0.441015
0.430829
0.421104
0.411857
0.403114
0.394905
0.387261
0.380213
0.373784
0.367988
0.362829
0.358294
0.354359
0.350988
0.348132
0.345739
0.343752
0.342115
0.340775
0.339686
0.338804
0.338097
0.337535
0.337095
0.336762
0.336522
0.336367
0.336292
1.04905
0.997363
1.00016
0.974642
0.931556
0.878312
0.82144
0.766372
0.716717
0.674046
0.638336
0.608673
0.58385
0.562721
0.544337
0.527977
0.513114
0.499376
0.486506
0.474329
0.462731
0.451643
0.441025
0.430862
0.421156
0.411921
0.403183
0.394969
0.387313
0.380243
0.373783
0.36795
0.362748
0.358168
0.354186
0.350767
0.347867
0.345434
0.34341
0.341742
0.340377
0.339266
0.338367
0.337647
0.337074
0.336627
0.336288
0.336045
0.335888
0.335813
1.04692
0.995385
0.998598
0.973728
0.931417
0.878916
0.822587
0.767777
0.718109
0.675242
0.639254
0.609311
0.584247
0.56293
0.544413
0.527967
0.513055
0.499296
0.486425
0.47426
0.462682
0.451618
0.441025
0.430884
0.421196
0.411974
0.403241
0.395024
0.387356
0.380266
0.373778
0.36791
0.362667
0.358041
0.354013
0.350549
0.347606
0.345132
0.343073
0.341373
0.339982
0.338849
0.337934
0.337199
0.336616
0.336162
0.335817
0.33557
0.335411
0.335335
1.04479
0.993453
0.997067
0.97282
0.931254
0.879469
0.823675
0.769128
0.719462
0.676416
0.640166
0.60995
0.584649
0.563146
0.544496
0.527961
0.512998
0.499215
0.48634
0.474185
0.462625
0.451584
0.441014
0.430895
0.421225
0.412016
0.403288
0.39507
0.387392
0.380282
0.373768
0.367866
0.362584
0.357916
0.353843
0.350334
0.347347
0.344833
0.342739
0.341009
0.33959
0.338436
0.337503
0.336754
0.336161
0.335698
0.335348
0.335096
0.334935
0.334859
1.04267
0.991581
0.995582
0.971929
0.931076
0.87998
0.824706
0.770426
0.720775
0.677567
0.641067
0.610589
0.585055
0.563368
0.544583
0.527959
0.512942
0.499133
0.486251
0.474104
0.462561
0.45154
0.440993
0.430895
0.421243
0.412047
0.403325
0.395106
0.387419
0.380292
0.373753
0.367819
0.3625
0.35779
0.353674
0.350121
0.347092
0.344539
0.342409
0.340648
0.339203
0.338027
0.337076
0.336313
0.335708
0.335237
0.334881
0.334625
0.334461
0.334384
1.04057
0.989784
0.994157
0.971068
0.93089
0.880453
0.825684
0.77167
0.722046
0.67869
0.641955
0.611224
0.585464
0.563594
0.544675
0.52796
0.512887
0.499049
0.486159
0.474017
0.462489
0.451488
0.440961
0.430884
0.42125
0.412066
0.403352
0.395132
0.387437
0.380295
0.373733
0.367769
0.362413
0.357664
0.353506
0.349911
0.346841
0.344249
0.342083
0.340291
0.33882
0.337622
0.336652
0.335875
0.335259
0.334779
0.334416
0.334156
0.333989
0.33391
1.0385
0.988078
0.992804
0.970246
0.930706
0.880894
0.826611
0.772859
0.723271
0.679782
0.642824
0.611851
0.58587
0.563822
0.54477
0.527963
0.512833
0.498965
0.486064
0.473925
0.46241
0.451426
0.44092
0.430862
0.421245
0.412074
0.403367
0.395149
0.387447
0.380291
0.373707
0.367715
0.362326
0.357538
0.353339
0.349703
0.346592
0.343962
0.341762
0.339939
0.338442
0.337221
0.336233
0.335441
0.334813
0.334324
0.333954
0.333689
0.333518
0.333438
1.0365
0.986477
0.991535
0.969473
0.930529
0.881309
0.827488
0.773994
0.724448
0.680838
0.643672
0.612467
0.586273
0.56405
0.544866
0.527967
0.512778
0.498878
0.485965
0.473828
0.462323
0.451356
0.440869
0.43083
0.421229
0.412072
0.403372
0.395155
0.387448
0.380279
0.373675
0.367657
0.362236
0.357412
0.353174
0.349498
0.346348
0.34368
0.341446
0.339592
0.338068
0.336825
0.335818
0.335011
0.334371
0.333872
0.333495
0.333224
0.33305
0.332967
1.03456
0.984995
0.990361
0.968755
0.930366
0.881698
0.828317
0.775071
0.725573
0.681854
0.644492
0.613066
0.586667
0.564274
0.54496
0.52797
0.512722
0.498789
0.485862
0.473724
0.462229
0.451277
0.440807
0.430787
0.421202
0.412057
0.403366
0.395151
0.38744
0.38026
0.373638
0.367595
0.362143
0.357285
0.35301
0.349295
0.346107
0.343403
0.341134
0.33925
0.337699
0.336433
0.335408
0.334585
0.333932
0.333423
0.333038
0.332762
0.332583
0.332498
1.03272
0.983646
0.989287
0.968097
0.930219
0.882065
0.829096
0.776089
0.726641
0.682824
0.64528
0.613645
0.587049
0.564491
0.545051
0.52797
0.512664
0.498696
0.485753
0.473615
0.462127
0.451189
0.440736
0.430732
0.421164
0.412032
0.40335
0.395138
0.387423
0.380233
0.373595
0.367529
0.362049
0.357158
0.352847
0.349094
0.345869
0.343129
0.340827
0.338913
0.337336
0.336047
0.335002
0.334163
0.333498
0.332978
0.332585
0.332302
0.332119
0.332031
1.031
0.982438
0.988322
0.967507
0.930095
0.882414
0.829829
0.777047
0.727651
0.683747
0.646033
0.6142
0.587416
0.564699
0.545137
0.527967
0.512602
0.498599
0.48564
0.473498
0.462017
0.451092
0.440654
0.430668
0.421115
0.411996
0.403322
0.395114
0.387397
0.380199
0.373545
0.367458
0.361951
0.357029
0.352684
0.348896
0.345634
0.34286
0.340525
0.338581
0.336977
0.335665
0.334601
0.333746
0.333067
0.332537
0.332135
0.331845
0.331657
0.331565
1.02944
0.981455
0.987536
0.967039
0.930041
0.882786
0.830551
0.777977
0.728629
0.684641
0.646765
0.614742
0.587775
0.564903
0.545218
0.52796
0.512535
0.498496
0.485519
0.473374
0.461898
0.450984
0.440562
0.430591
0.421054
0.411948
0.403283
0.39508
0.387361
0.380156
0.373489
0.367382
0.36185
0.356898
0.35252
0.348697
0.3454
0.342591
0.340224
0.338251
0.33662
0.335286
0.334202
0.33333
0.332638
0.332097
0.331686
0.331389
0.331196
0.3311
1.02772
0.980232
0.986558
0.966488
0.93009
0.883473
0.831762
0.779495
0.730206
0.686076
0.647935
0.615607
0.588351
0.565236
0.545362
0.527969
0.512453
0.498361
0.485358
0.473206
0.461739
0.450841
0.440441
0.430493
0.420977
0.411889
0.403238
0.395041
0.387322
0.380108
0.373425
0.367294
0.361733
0.356746
0.35233
0.348467
0.345131
0.342284
0.339883
0.337879
0.336223
0.334866
0.333766
0.332881
0.332179
0.331632
0.331217
0.330919
0.330727
0.330633
1.02639
0.979317
0.985767
0.966005
0.930066
0.883947
0.83267
0.780671
0.731451
0.687217
0.648865
0.616284
0.588784
0.565459
0.545423
0.527911
0.512316
0.498177
0.485152
0.472997
0.461539
0.45066
0.440281
0.430358
0.420865
0.411797
0.40316
0.394973
0.387256
0.380037
0.373342
0.367192
0.361605
0.356587
0.352136
0.348237
0.344864
0.341982
0.339548
0.337514
0.335833
0.334455
0.333337
0.332439
0.331727
0.331173
0.330754
0.330454
0.330261
0.330168
1.02583
0.978542
0.984993
0.965458
0.929892
0.884205
0.833308
0.781555
0.732412
0.688106
0.649585
0.616797
0.589092
0.565591
0.545414
0.527801
0.512139
0.49796
0.484918
0.472762
0.461314
0.450452
0.440096
0.430196
0.420726
0.411678
0.403058
0.394882
0.38717
0.37995
0.373245
0.36708
0.361471
0.356426
0.351944
0.348012
0.344606
0.34169
0.339225
0.337163
0.335456
0.334057
0.332921
0.332009
0.331285
0.330723
0.330298
0.329994
0.329799
0.329706
1.02622
0.977734
0.984107
0.964767
0.929526
0.884221
0.833673
0.78216
0.733114
0.688772
0.650127
0.617172
0.589298
0.565647
0.545352
0.527651
0.511931
0.497718
0.484661
0.472505
0.461068
0.450224
0.43989
0.430013
0.420566
0.41154
0.402937
0.394773
0.387068
0.379848
0.373138
0.36696
0.361332
0.356264
0.351754
0.347792
0.344354
0.341407
0.338911
0.336821
0.335089
0.333669
0.332515
0.331587
0.330852
0.33028
0.329848
0.329539
0.32934
0.329246
1.02754
0.976755
0.98301
0.96388
0.928956
0.884016
0.833806
0.782537
0.733606
0.68926
0.650524
0.617436
0.58942
0.565642
0.545243
0.527467
0.511696
0.497454
0.484386
0.472232
0.460806
0.44998
0.439668
0.429814
0.420391
0.411385
0.402801
0.39465
0.386954
0.379736
0.373021
0.366833
0.361189
0.3561
0.351565
0.347574
0.344106
0.34113
0.338605
0.336488
0.334732
0.333289
0.332117
0.331174
0.330426
0.329843
0.329403
0.329088
0.328885
0.328788
1.0297
0.975496
0.98163
0.962763
0.928187
0.883623
0.833756
0.78274
0.733944
0.689617
0.650817
0.617618
0.58948
0.56559
0.5451
0.527255
0.511439
0.497172
0.484095
0.471944
0.46053
0.449722
0.439432
0.429602
0.420202
0.411218
0.402652
0.394516
0.386829
0.379614
0.372897
0.366701
0.361043
0.355934
0.351376
0.347359
0.343862
0.340856
0.338304
0.33616
0.334379
0.332915
0.331724
0.330765
0.330004
0.329411
0.328962
0.32864
0.328432
0.328332
1.03252
0.973888
0.979925
0.961404
0.927237
0.883083
0.833578
0.782832
0.734185
0.689894
0.651044
0.61775
0.589502
0.565508
0.544933
0.527025
0.511167
0.496877
0.483792
0.471644
0.460243
0.449454
0.439186
0.42938
0.420003
0.411041
0.402494
0.394372
0.386696
0.379486
0.372768
0.366564
0.360893
0.355767
0.351186
0.347143
0.343619
0.340586
0.338005
0.335835
0.334031
0.332545
0.331335
0.33036
0.329586
0.328981
0.328524
0.328195
0.327982
0.327878
1.03576
0.971921
0.977891
0.959813
0.926136
0.882442
0.83333
0.78287
0.734385
0.690139
0.651248
0.617863
0.589508
0.565413
0.544754
0.526784
0.510885
0.496572
0.48348
0.471337
0.459948
0.449178
0.438932
0.42915
0.419797
0.410857
0.402329
0.394224
0.386558
0.379353
0.372635
0.366424
0.360742
0.355598
0.350995
0.346928
0.343378
0.340317
0.337709
0.335513
0.333685
0.332178
0.330949
0.329959
0.329171
0.328555
0.328089
0.327753
0.327535
0.327428
1.03906
0.969654
0.975575
0.958034
0.924934
0.881758
0.83307
0.782914
0.734598
0.690398
0.651463
0.617985
0.58952
0.565322
0.544578
0.526544
0.510604
0.496268
0.483168
0.471029
0.459654
0.448903
0.43868
0.428922
0.419592
0.410675
0.402166
0.394076
0.38642
0.379221
0.372503
0.366287
0.360592
0.355432
0.350809
0.346718
0.343142
0.340054
0.33742
0.3352
0.333348
0.331821
0.330574
0.329568
0.328767
0.328142
0.327667
0.327325
0.327102
0.326992
1.04178
0.967477
0.973191
0.9562
0.923731
0.881113
0.832872
0.783028
0.734879
0.690719
0.651735
0.618158
0.58958
0.565277
0.544447
0.526351
0.51037
0.496012
0.482905
0.47077
0.459407
0.448672
0.438469
0.428731
0.419423
0.410524
0.402032
0.393954
0.386308
0.379113
0.372393
0.366172
0.360467
0.355292
0.350652
0.34654
0.342942
0.339831
0.337175
0.334933
0.333061
0.331516
0.330254
0.329235
0.328424
0.32779
0.327309
0.326962
0.326735
0.326623
)
;

boundaryField
{
    inlet
    {
        type            fixedValue;
        value           uniform 0.375;
    }
    outlet
    {
        type            zeroGradient;
    }
    innerBox
    {
        type            kqRWallFunction;
        value           nonuniform List<scalar> 
100
(
0.658799
1.04112
1.35534
1.59596
1.76446
1.86452
1.90291
1.88923
1.83515
1.75191
1.69284
1.6381
1.58315
1.52821
1.47355
1.41967
1.36714
1.31648
1.2681
1.22237
1.17956
1.13991
1.10361
1.07079
1.04155
1.01594
0.993964
0.9756
0.96079
0.949446
0.941509
0.937257
0.937045
0.940594
0.947246
0.956276
0.966998
0.978812
0.991218
1.00381
1.01626
1.02833
1.03979
1.05048
1.06025
1.06896
1.07646
1.08262
1.08725
1.09005
1.09092
1.09037
1.08917
1.08777
1.08631
1.08487
1.08348
1.08215
1.08087
1.07965
1.07846
1.07729
1.07613
1.07497
1.07378
1.07257
1.07133
1.07003
1.06869
1.06728
1.0658
1.06424
1.0626
1.06087
1.05906
1.05718
1.05523
1.05321
1.05115
1.04905
1.04692
1.04479
1.04267
1.04057
1.0385
1.0365
1.03456
1.03272
1.031
1.02944
1.02772
1.02639
1.02583
1.02622
1.02754
1.0297
1.03252
1.03576
1.03906
1.04178
)
;
    }
    lowerWall
    {
        type            symmetryPlane;
    }
    frontAndBack
    {
        type            empty;
    }
}


// ************************************************************************* //
