/*--------------------------------*- C++ -*----------------------------------*\
| =========                 |                                                 |
| \\      /  F ield         | OpenFOAM: The Open Source CFD Toolbox           |
|  \\    /   O peration     | Version:  2.2.x                                 |
|   \\  /    A nd           | Web:      www.OpenFOAM.org                      |
|    \\/     M anipulation  |                                                 |
\*---------------------------------------------------------------------------*/
FoamFile
{
    version     2.0;
    format      ascii;
    class       volScalarField;
    location    "2000";
    object      nut;
}
// * * * * * * * * * * * * * * * * * * * * * * * * * * * * * * * * * * * * * //

dimensions      [0 2 -1 0 0 0 0];

internalField   nonuniform List<scalar> 
5000
(
1.61802e-05
7.09091e-05
0.000238745
0.000497294
0.000692092
0.000794853
0.000839826
0.000856591
0.000861275
0.000861361
0.000860008
0.000858427
0.000857028
0.000855909
0.000855038
0.000854385
0.000853884
0.000853496
0.000853205
0.000852975
0.000852794
0.00085265
0.000852535
0.000852442
0.000852363
0.000852302
0.000852244
0.000852204
0.000852168
0.000852138
0.000852109
0.000852087
0.000852069
0.000852052
0.000852039
0.000852025
0.000852014
0.000852006
0.000851999
0.00085199
0.000851985
0.00085198
0.000851979
0.000851972
0.000851971
0.000851963
0.000851961
0.000851964
0.000851965
0.000851961
2.04098e-05
3.93072e-05
0.000119899
0.000302185
0.000510481
0.000675792
0.000778645
0.000832529
0.0008566
0.000865063
0.00086636
0.000864862
0.000862603
0.000860412
0.000858567
0.000857102
0.00085597
0.000855112
0.000854453
0.000853945
0.000853555
0.000853249
0.000853004
0.000852806
0.000852654
0.000852521
0.000852418
0.000852333
0.000852257
0.000852193
0.000852142
0.000852102
0.000852066
0.000852036
0.000852003
0.000851982
0.000851959
0.000851945
0.000851927
0.000851914
0.000851906
0.000851895
0.000851884
0.000851876
0.000851873
0.000851864
0.000851864
0.00085186
0.000851859
0.000851857
2.33927e-05
2.90936e-05
7.82051e-05
0.000207738
0.000386485
0.000563714
0.000700613
0.000788887
0.000837883
0.000861031
0.000869455
0.000870563
0.000868604
0.000865749
0.000862957
0.00086058
0.000858673
0.000857194
0.000856058
0.00085519
0.000854525
0.000854003
0.000853595
0.000853272
0.000853018
0.000852808
0.000852642
0.000852497
0.000852386
0.000852291
0.000852206
0.000852138
0.000852078
0.000852032
0.000851986
0.000851951
0.000851917
0.000851891
0.000851871
0.000851845
0.000851832
0.000851817
0.0008518
0.000851793
0.000851785
0.000851775
0.000851764
0.000851762
0.00085176
0.000851756
2.55353e-05
2.43248e-05
5.79531e-05
0.000154605
0.000303017
0.000471268
0.000621466
0.000733825
0.000806587
0.000847589
0.000867066
0.000873822
0.000874025
0.000871435
0.000868055
0.000864812
0.000862047
0.000859832
0.000858101
0.000856774
0.000855746
0.000854953
0.000854341
0.000853857
0.000853476
0.000853173
0.000852922
0.000852719
0.000852551
0.000852411
0.000852295
0.000852198
0.00085212
0.000852044
0.000851986
0.000851933
0.00085189
0.000851848
0.000851822
0.000851788
0.000851767
0.000851748
0.000851728
0.000851711
0.000851697
0.000851686
0.00085168
0.000851672
0.000851668
0.000851667
2.70423e-05
2.19243e-05
4.66669e-05
0.000122159
0.000245915
0.000398542
0.000549143
0.000674889
0.000766461
0.000825217
0.000858064
0.000873215
0.00087776
0.000876815
0.000873547
0.000869702
0.000866124
0.000863092
0.000860662
0.000858762
0.00085729
0.000856156
0.000855276
0.000854588
0.000854057
0.000853624
0.000853279
0.000852999
0.000852767
0.00085258
0.000852422
0.000852288
0.000852181
0.000852083
0.000852005
0.000851934
0.000851878
0.000851826
0.000851783
0.000851748
0.000851708
0.000851686
0.000851662
0.00085164
0.000851625
0.00085161
0.000851597
0.000851588
0.000851582
0.000851579
2.80184e-05
2.0686e-05
3.98924e-05
0.000101379
0.000206221
0.000342468
0.000486609
0.000617287
0.000721567
0.00079564
0.000842326
0.000867768
0.000878752
0.000881085
0.000878977
0.000875076
0.000870864
0.000867027
0.000863818
0.000861247
0.00085923
0.000857662
0.00085646
0.000855513
0.000854779
0.000854198
0.000853735
0.000853359
0.000853054
0.000852796
0.000852591
0.000852419
0.000852274
0.000852151
0.000852049
0.000851958
0.000851884
0.000851818
0.000851765
0.000851717
0.000851675
0.00085164
0.000851605
0.000851578
0.000851558
0.000851542
0.000851527
0.000851516
0.000851508
0.000851502
2.85318e-05
2.00608e-05
3.56469e-05
8.76539e-05
0.000178235
0.000299553
0.000434183
0.000563983
0.000675282
0.000761068
0.000820507
0.000857021
0.000876081
0.000883381
0.00088372
0.000880576
0.000876136
0.000871639
0.000867636
0.000864312
0.000861647
0.000859558
0.000857938
0.000856674
0.000855689
0.000854919
0.000854306
0.000853809
0.000853411
0.000853084
0.000852817
0.000852591
0.000852403
0.000852245
0.000852118
0.000852002
0.000851911
0.000851831
0.000851758
0.000851699
0.000851644
0.000851604
0.000851566
0.000851532
0.000851507
0.000851483
0.000851466
0.000851457
0.000851445
0.000851441
2.86429e-05
1.97779e-05
3.29531e-05
7.84387e-05
0.00015827
0.000266734
0.000390961
0.000516314
0.000630037
0.000723682
0.00079376
0.000841038
0.000869116
0.000882834
0.000887022
0.000885673
0.000881668
0.000876817
0.000872121
0.000868009
0.000864617
0.000861913
0.000859786
0.000858131
0.000856838
0.000855821
0.000855019
0.000854382
0.000853862
0.00085345
0.000853106
0.000852817
0.000852589
0.000852391
0.000852218
0.00085208
0.000851958
0.000851859
0.000851771
0.000851696
0.000851638
0.000851584
0.000851534
0.0008515
0.000851467
0.000851439
0.00085142
0.000851401
0.000851394
0.000851384
2.84206e-05
1.9703e-05
3.13072e-05
7.2276e-05
0.000143944
0.000241597
0.000355652
0.000474632
0.000587435
0.000685434
0.00076356
0.00082043
0.000857662
0.000878795
0.000888121
0.000889749
0.000887029
0.000882344
0.000877187
0.000872358
0.000868208
0.000864796
0.000862075
0.000859933
0.000858261
0.000856953
0.000855917
0.000855098
0.00085444
0.000853908
0.000853477
0.000853115
0.000852821
0.000852572
0.000852368
0.000852193
0.000852046
0.000851915
0.000851812
0.00085172
0.000851643
0.000851578
0.000851523
0.000851476
0.00085144
0.000851403
0.000851377
0.000851363
0.000851354
0.000851347
2.79325e-05
1.97839e-05
3.0481e-05
6.83715e-05
0.000133791
0.000222472
0.000327194
0.000439087
0.00054886
0.000648396
0.00073193
0.000796595
0.000842288
0.000871096
0.00088641
0.000892053
0.000891543
0.000887699
0.000882495
0.000877142
0.000872274
0.00086814
0.000864763
0.000862078
0.000859956
0.000858299
0.000856988
0.000855949
0.00085512
0.000854463
0.000853917
0.000853474
0.000853108
0.000852805
0.000852552
0.000852337
0.000852157
0.000852004
0.000851877
0.000851761
0.000851676
0.000851595
0.000851527
0.000851471
0.000851425
0.000851388
0.00085136
0.000851333
0.00085132
0.000851314
2.76196e-05
1.99302e-05
3.04073e-05
6.716e-05
0.00012976
0.000213993
0.000313633
0.000421099
0.000528196
0.000627402
0.000712939
0.000781375
0.000831758
0.000865278
0.000884629
0.000893236
0.000894558
0.000891581
0.000886536
0.000880914
0.000875567
0.000870904
0.000867025
0.000863894
0.000861411
0.000859459
0.000857912
0.000856697
0.000855725
0.000854943
0.000854317
0.000853798
0.00085337
0.000853018
0.000852726
0.000852474
0.000852263
0.000852086
0.000851943
0.000851815
0.000851704
0.000851614
0.000851538
0.00085147
0.000851419
0.000851377
0.000851344
0.000851315
0.000851306
0.000851297
2.72764e-05
2.00842e-05
3.04254e-05
6.62312e-05
0.000126502
0.000207089
0.000302528
0.000406199
0.000510773
0.000609261
0.000695971
0.000767159
0.000821274
0.000858802
0.000881815
0.000893324
0.000896622
0.000894733
0.000890081
0.000884387
0.000878707
0.000873597
0.000869259
0.000865722
0.000862887
0.000860647
0.000858876
0.000857474
0.000856361
0.000855457
0.000854735
0.000854143
0.000853658
0.000853249
0.000852913
0.00085263
0.00085239
0.000852191
0.000852023
0.000851873
0.00085175
0.00085165
0.000851559
0.000851489
0.000851426
0.00085138
0.000851342
0.000851314
0.000851299
0.000851287
2.69068e-05
2.02736e-05
3.05186e-05
6.53756e-05
0.000123387
0.000200502
0.000291924
0.000391883
0.000493824
0.000591278
0.00067871
0.000752179
0.000809659
0.000851018
0.000877724
0.000892336
0.000897896
0.000897403
0.000893409
0.000887823
0.000881924
0.000876419
0.000871651
0.000867691
0.000864485
0.000861939
0.000859919
0.000858318
0.000857044
0.000856021
0.000855193
0.000854524
0.00085397
0.000853508
0.000853128
0.000852809
0.000852539
0.000852309
0.000852116
0.00085195
0.000851819
0.000851699
0.000851603
0.000851515
0.000851449
0.000851395
0.000851353
0.000851317
0.000851302
0.000851288
2.65229e-05
2.05166e-05
3.07094e-05
6.46312e-05
0.000120464
0.000194271
0.000281848
0.000378163
0.000477375
0.000573519
0.000661274
0.000736593
0.000797068
0.000842043
0.000872421
0.000890283
0.000898363
0.000899561
0.000896484
0.000891214
0.000885214
0.000879391
0.000874204
0.000869825
0.000866233
0.000863357
0.000861066
0.000859246
0.000857797
0.000856637
0.000855707
0.000854944
0.000854317
0.000853797
0.000853371
0.000853008
0.0008527
0.000852448
0.000852227
0.000852051
0.000851897
0.000851762
0.000851649
0.00085156
0.000851475
0.000851422
0.000851369
0.000851334
0.00085131
0.0008513
2.61276e-05
2.08255e-05
3.10136e-05
6.40241e-05
0.000117775
0.000188455
0.000272373
0.000365144
0.000461567
0.000556174
0.000643887
0.000720629
0.000783719
0.000832044
0.00086599
0.000887164
0.00089796
0.000901106
0.000899208
0.000894467
0.00088853
0.000882471
0.000876906
0.000872113
0.000868125
0.0008649
0.000862314
0.00086026
0.00085862
0.000857313
0.000856256
0.000855396
0.000854696
0.000854114
0.000853629
0.000853228
0.000852887
0.000852605
0.000852361
0.000852159
0.000851982
0.000851832
0.000851709
0.000851607
0.00085152
0.000851451
0.000851398
0.000851362
0.00085133
0.000851316
2.57253e-05
2.12099e-05
3.14436e-05
6.35686e-05
0.000115337
0.000183081
0.00026354
0.000352887
0.000446507
0.000539392
0.000626744
0.00070451
0.000769818
0.000821187
0.000858535
0.000883016
0.000896656
0.000901964
0.000901482
0.000897489
0.000891784
0.000885608
0.000879726
0.000874532
0.000870155
0.000866563
0.000863671
0.000861362
0.000859519
0.000858046
0.00085686
0.000855894
0.000855111
0.000854458
0.000853922
0.000853468
0.000853092
0.000852769
0.000852502
0.000852274
0.00085208
0.000851916
0.000851777
0.000851668
0.000851566
0.000851494
0.00085143
0.000851392
0.000851363
0.000851346
2.53212e-05
2.16774e-05
3.20095e-05
6.32735e-05
0.000113159
0.000178153
0.000255356
0.000341425
0.000432258
0.000523291
0.000610006
0.000688437
0.000755577
0.000809658
0.000850192
0.000877902
0.000894453
0.000902083
0.000903238
0.000900215
0.000894909
0.000888739
0.000882623
0.000877065
0.000872295
0.00086834
0.000865124
0.000862542
0.000860482
0.000858835
0.000857504
0.000856431
0.000855547
0.000854827
0.00085423
0.000853726
0.000853308
0.000852957
0.000852657
0.000852404
0.000852193
0.00085201
0.000851859
0.000851733
0.000851627
0.000851545
0.000851475
0.000851424
0.000851398
0.000851383
2.49208e-05
2.22356e-05
3.27198e-05
6.31444e-05
0.000111239
0.000173666
0.000247819
0.000330765
0.00041886
0.000507952
0.000593809
0.000672576
0.00074119
0.000797641
0.000841111
0.000871926
0.000891385
0.000901454
0.000904427
0.00090256
0.000897839
0.000891817
0.00088555
0.000879689
0.000874548
0.000870218
0.000866677
0.00086381
0.000861512
0.000859671
0.000858191
0.000856992
0.000856022
0.00085522
0.000854554
0.000854005
0.000853543
0.000853147
0.000852826
0.000852548
0.000852309
0.000852112
0.000851946
0.000851807
0.000851693
0.000851595
0.000851524
0.000851477
0.000851437
0.000851417
2.45287e-05
2.28911e-05
3.3582e-05
6.31853e-05
0.000109575
0.000169604
0.00024091
0.000320899
0.000406333
0.000493433
0.000578251
0.000657076
0.000726826
0.000785317
0.000831447
0.000865198
0.000887518
0.00090009
0.000905009
0.000904485
0.00090052
0.000894782
0.000888472
0.000882366
0.000876888
0.000872199
0.000868313
0.000865151
0.000862604
0.000860564
0.000858924
0.000857594
0.000856514
0.000855638
0.000854904
0.000854296
0.000853786
0.000853357
0.000852998
0.000852696
0.000852435
0.000852219
0.000852042
0.000851886
0.000851757
0.000851654
0.000851577
0.000851522
0.000851479
0.000851465
2.41499e-05
2.36505e-05
3.46013e-05
6.33988e-05
0.000108161
0.000165951
0.000234603
0.000311809
0.000394672
0.000479764
0.000563408
0.000642052
0.000712631
0.000772847
0.000821361
0.000857847
0.000882938
0.000898019
0.000904987
0.000905942
0.000902904
0.000897601
0.000891353
0.00088507
0.000879287
0.000874257
0.000870027
0.000866567
0.000863768
0.00086151
0.000859695
0.000858231
0.000857045
0.000856071
0.000855266
0.0008546
0.000854042
0.000853576
0.000853186
0.000852849
0.000852571
0.000852336
0.000852138
0.000851975
0.000851833
0.000851725
0.000851641
0.000851574
0.000851537
0.000851508
2.3788e-05
2.45193e-05
3.57816e-05
6.37857e-05
0.000106991
0.000162688
0.000228872
0.000303463
0.000383867
0.000466961
0.000549332
0.000627597
0.000698736
0.000760377
0.000810995
0.000850002
0.00087773
0.000895298
0.00090437
0.000906923
0.000904942
0.000900208
0.000894141
0.000887766
0.000881737
0.000876377
0.000871825
0.000868048
0.000864978
0.000862505
0.000860505
0.000858896
0.000857591
0.000856525
0.000855647
0.000854919
0.000854313
0.000853803
0.000853378
0.000853018
0.000852713
0.000852454
0.00085224
0.00085206
0.000851914
0.000851795
0.000851695
0.00085163
0.000851584
0.000851561
2.34469e-05
2.55022e-05
3.71238e-05
6.43472e-05
0.000106059
0.000159797
0.000223685
0.000295832
0.000373892
0.000455023
0.000536057
0.000613782
0.000685246
0.000748039
0.000800489
0.000841785
0.000872003
0.000891982
0.000903185
0.000907421
0.000906621
0.000902579
0.000896805
0.000890426
0.000884196
0.000878548
0.000873669
0.000869591
0.000866248
0.00086354
0.000861353
0.000859589
0.000858161
0.000856991
0.000856039
0.000855246
0.000854587
0.000854032
0.000853572
0.000853187
0.000852857
0.000852579
0.000852344
0.000852151
0.000851991
0.000851862
0.00085176
0.000851688
0.000851637
0.000851609
2.31305e-05
2.66018e-05
3.86269e-05
6.50823e-05
0.000105359
0.00015726
0.000219015
0.000288879
0.00036472
0.000443942
0.000523602
0.00060066
0.000672247
0.000735944
0.000789968
0.000833327
0.000865862
0.000888162
0.000901465
0.000907444
0.000907915
0.000904683
0.000899304
0.00089301
0.000886648
0.000880747
0.000875566
0.000871187
0.000867563
0.00086462
0.000862236
0.000860309
0.000858752
0.00085748
0.00085644
0.000855581
0.000854872
0.000854271
0.000853776
0.000853353
0.000852995
0.0008527
0.000852449
0.000852243
0.000852069
0.000851935
0.000851827
0.000851745
0.000851693
0.000851664
2.28414e-05
2.78181e-05
4.02867e-05
6.59896e-05
0.000104887
0.000155061
0.000214834
0.000282571
0.000356322
0.000433699
0.000511974
0.000588266
0.000659806
0.000724183
0.000779543
0.000824741
0.0008594
0.000883907
0.000899279
0.000907004
0.000908827
0.000906497
0.00090162
0.00089549
0.000889062
0.000882951
0.000877491
0.000872814
0.00086892
0.000865731
0.000863146
0.000861053
0.000859363
0.000857986
0.000856856
0.000855928
0.000855158
0.000854517
0.000853981
0.000853525
0.000853146
0.000852827
0.000852556
0.000852332
0.00085215
0.000852005
0.000851891
0.000851801
0.000851744
0.000851716
2.25828e-05
2.91485e-05
4.2096e-05
6.70662e-05
0.000104638
0.000153187
0.000211116
0.000276877
0.000348665
0.000424277
0.000501171
0.000576629
0.000647983
0.000712845
0.000769316
0.000816127
0.000852733
0.000879306
0.000896673
0.000906149
0.000909357
0.000908017
0.00090372
0.000897845
0.000891417
0.000885145
0.000879432
0.000874479
0.000870309
0.000866876
0.000864081
0.000861816
0.000859987
0.000858496
0.000857281
0.000856275
0.00085545
0.000854758
0.000854183
0.000853699
0.000853295
0.000852952
0.000852665
0.000852424
0.000852228
0.000852072
0.000851951
0.00085186
0.000851799
0.000851765
2.23567e-05
3.05867e-05
4.40445e-05
6.83077e-05
0.000104607
0.000151626
0.000207842
0.00027177
0.00034172
0.000415652
0.000491189
0.000565764
0.000636815
0.000701997
0.000759374
0.000807591
0.000845949
0.00087445
0.000893717
0.000904914
0.000909531
0.000909227
0.000905599
0.000900051
0.000893688
0.000887302
0.000881375
0.000876156
0.000871726
0.00086805
0.000865038
0.000862599
0.000860622
0.000859013
0.000857711
0.000856632
0.000855748
0.000855007
0.000854387
0.000853875
0.00085344
0.000853074
0.000852772
0.000852519
0.000852308
0.000852143
0.00085201
0.000851911
0.000851847
0.000851818
2.21647e-05
3.2123e-05
4.61187e-05
6.97087e-05
0.000104791
0.00015037
0.000204994
0.000267224
0.000335463
0.000407803
0.000482018
0.000555686
0.000626342
0.000691692
0.000749795
0.00079922
0.000839145
0.000869412
0.00089048
0.00090334
0.000909373
0.000910147
0.000907239
0.000902092
0.000895861
0.000889409
0.000883297
0.000877839
0.000873149
0.000869235
0.000866015
0.0008634
0.000861271
0.000859546
0.000858139
0.00085699
0.000856037
0.000855251
0.000854592
0.000854049
0.000853583
0.000853198
0.000852876
0.000852606
0.000852387
0.000852206
0.000852067
0.000851965
0.000851897
0.000851864
2.20079e-05
3.37446e-05
4.83032e-05
7.12618e-05
0.000105187
0.000149412
0.000202561
0.000263222
0.00032987
0.00040071
0.000473652
0.000546398
0.000616586
0.00068198
0.000740647
0.000791095
0.000832406
0.000864285
0.000887032
0.00090149
0.000908907
0.000910784
0.000908647
0.000903952
0.00089791
0.000891439
0.000885184
0.000879511
0.00087459
0.000870428
0.000867002
0.000864201
0.000861928
0.000860084
0.00085858
0.000857349
0.000856332
0.000855498
0.0008548
0.000854219
0.000853727
0.000853315
0.000852972
0.00085269
0.000852458
0.000852268
0.000852122
0.000852018
0.000851946
0.000851908
2.1887e-05
3.54357e-05
5.058e-05
7.29588e-05
0.000105793
0.00014875
0.000200531
0.000259747
0.000324924
0.00039436
0.000466082
0.000537907
0.000607574
0.000672909
0.000731986
0.00078329
0.000825815
0.000859142
0.000883437
0.00089941
0.000908184
0.000911151
0.000909824
0.000905625
0.000899823
0.000893391
0.000887034
0.000881169
0.000876015
0.000871632
0.000867996
0.000865017
0.000862589
0.000860621
0.000859021
0.000857703
0.000856629
0.000855741
0.000855
0.000854381
0.000853864
0.000853434
0.000853073
0.000852773
0.000852527
0.000852332
0.000852175
0.000852059
0.000851984
0.000851946
2.1802e-05
3.71794e-05
5.29323e-05
7.47922e-05
0.000106607
0.000148385
0.000198905
0.000256796
0.000320616
0.000388741
0.000459301
0.000530219
0.000599327
0.000664512
0.000723874
0.00077587
0.000819438
0.000854061
0.000879778
0.000897169
0.000907231
0.000911282
0.000910771
0.000907118
0.000901594
0.000895244
0.00088881
0.00088278
0.000877427
0.000872834
0.000868994
0.00086583
0.000863255
0.000861163
0.000859452
0.000858066
0.000856923
0.000855975
0.000855196
0.000854545
0.000853999
0.00085354
0.000853163
0.000852848
0.000852594
0.000852385
0.000852222
0.000852098
0.000852019
0.000851983
2.17524e-05
3.89978e-05
5.5385e-05
7.67934e-05
0.000107666
0.000148347
0.000197703
0.00025437
0.000316935
0.000383832
0.000453281
0.000523302
0.000591813
0.000656768
0.000716295
0.000768849
0.00081331
0.000849073
0.000876083
0.000894788
0.00090609
0.0009112
0.000911513
0.000908425
0.000903229
0.000896997
0.000890529
0.000884369
0.000878819
0.00087402
0.000869987
0.00086665
0.000863917
0.000861696
0.000859891
0.000858419
0.000857209
0.000856213
0.00085539
0.000854708
0.000854131
0.000853656
0.000853253
0.000852921
0.000852654
0.000852441
0.000852267
0.000852136
0.000852061
0.000852014
2.17413e-05
4.08708e-05
5.79649e-05
7.89896e-05
0.000108991
0.000148647
0.000196921
0.000252451
0.000313839
0.000379576
0.000447954
0.000517083
0.000584967
0.00064962
0.000709212
0.000762192
0.000807406
0.000844186
0.000872371
0.000892305
0.00090478
0.000910927
0.000912066
0.000909572
0.000904728
0.000898651
0.000892186
0.000885912
0.000880195
0.000875204
0.000870977
0.000867468
0.000864589
0.000862241
0.00086033
0.000858778
0.000857495
0.000856451
0.000855581
0.00085486
0.000854259
0.000853755
0.000853339
0.000852995
0.00085271
0.00085248
0.000852302
0.000852175
0.000852085
0.000852046
2.17726e-05
4.26985e-05
6.05418e-05
8.13042e-05
0.000110525
0.000149219
0.000196477
0.000250944
0.000311234
0.000375872
0.000443222
0.000511472
0.000578708
0.000643007
0.000702577
0.000755875
0.000801728
0.000839399
0.000868648
0.000889729
0.000903324
0.000910473
0.000912434
0.00091055
0.000906099
0.000900213
0.000893768
0.000887416
0.000881556
0.000876382
0.000871971
0.00086829
0.00086526
0.000862784
0.000860768
0.000859127
0.000857782
0.000856679
0.00085577
0.000855007
0.000854381
0.000853855
0.000853418
0.000853058
0.000852765
0.000852526
0.000852336
0.000852203
0.000852111
0.000852067
2.18439e-05
4.44447e-05
6.31033e-05
8.36613e-05
0.000112148
0.000149954
0.000196273
0.000249756
0.000309016
0.00037262
0.000438983
0.000506373
0.000572948
0.000636852
0.00069633
0.000749859
0.00079624
0.0008347
0.000864921
0.000887065
0.000901726
0.000909849
0.000912632
0.000911368
0.00090734
0.000901672
0.000895288
0.000888882
0.00088289
0.000877553
0.000872962
0.00086911
0.000865929
0.000863333
0.000861208
0.000859481
0.00085807
0.000856908
0.000855956
0.000855162
0.000854504
0.00085395
0.000853493
0.000853122
0.00085281
0.000852562
0.000852371
0.000852225
0.000852136
0.000852087
2.19477e-05
4.60738e-05
6.56076e-05
8.60486e-05
0.00011385
0.000150794
0.00019621
0.000248755
0.000307045
0.000369662
0.000435081
0.000501633
0.000567547
0.000631026
0.000690365
0.000744054
0.000790887
0.000830051
0.000861159
0.000884299
0.000899976
0.000909051
0.000912652
0.000912022
0.000908438
0.00090302
0.000896734
0.000890301
0.000884194
0.000878708
0.000873949
0.000869936
0.000866609
0.000863875
0.000861652
0.000859831
0.000858352
0.000857132
0.000856136
0.000855305
0.000854617
0.00085404
0.000853569
0.000853175
0.000852855
0.000852602
0.000852396
0.000852253
0.00085215
0.000852103
2.20758e-05
4.7561e-05
6.80196e-05
8.84319e-05
0.000115602
0.000151711
0.000196253
0.000247903
0.000305267
0.000366947
0.00043146
0.000497197
0.000562454
0.000625493
0.000684651
0.00073844
0.000785658
0.000825441
0.000857371
0.000881443
0.000898085
0.000908088
0.000912498
0.000912525
0.000909397
0.000904265
0.000898104
0.000891667
0.000885473
0.000879847
0.000874934
0.000870759
0.000867282
0.000864423
0.000862091
0.000860187
0.000858636
0.000857362
0.000856313
0.000855449
0.000854725
0.000854131
0.000853634
0.000853229
0.000852895
0.000852627
0.00085242
0.000852265
0.000852164
0.000852118
2.22203e-05
4.88907e-05
7.03091e-05
9.07801e-05
0.000117377
0.000152679
0.000196372
0.000247161
0.000303643
0.000364428
0.000428071
0.000493021
0.000557626
0.000620214
0.00067916
0.000733005
0.000780536
0.000820882
0.000853556
0.000878506
0.000896076
0.000906969
0.000912183
0.000912862
0.000910221
0.000905403
0.000899392
0.000892976
0.000886722
0.000880969
0.000875901
0.000871576
0.000867955
0.000864976
0.000862529
0.000860536
0.000858913
0.000857582
0.000856489
0.000855583
0.000854839
0.000854215
0.000853704
0.000853276
0.000852934
0.000852652
0.00085244
0.000852277
0.000852172
0.000852122
2.23744e-05
5.00557e-05
7.24543e-05
9.30661e-05
0.000119152
0.000153676
0.000196542
0.000246498
0.000302134
0.000362065
0.000424874
0.000489058
0.000553026
0.000615156
0.000673866
0.000727723
0.000775518
0.000816359
0.000849721
0.000875492
0.000893939
0.000905709
0.000911712
0.000913058
0.000910917
0.00090643
0.0009006
0.000894234
0.000887932
0.000882071
0.000876868
0.000872392
0.000868632
0.000865522
0.000862973
0.000860892
0.000859192
0.000857801
0.00085666
0.000855716
0.000854937
0.000854296
0.000853759
0.00085332
0.000852964
0.000852676
0.000852453
0.000852289
0.000852176
0.000852122
2.25326e-05
5.10563e-05
7.4439e-05
9.52669e-05
0.000120906
0.000154681
0.000196738
0.000245888
0.000300712
0.000359822
0.000421831
0.000485274
0.000548616
0.000610283
0.000668739
0.000722573
0.000770587
0.000811874
0.000845871
0.000872409
0.000891698
0.000904309
0.000911091
0.000913103
0.00091148
0.000907349
0.000901722
0.000895437
0.000889104
0.000883157
0.000877819
0.000873208
0.000869307
0.000866073
0.000863417
0.000861241
0.00085947
0.000858021
0.000856832
0.000855851
0.000855041
0.000854372
0.000853819
0.000853362
0.000852988
0.000852691
0.000852461
0.000852289
0.00085218
0.000852121
2.26905e-05
5.18969e-05
7.62537e-05
9.73639e-05
0.00012262
0.000155679
0.000196943
0.000245303
0.000299341
0.000357666
0.000418905
0.000481632
0.000544361
0.000605566
0.000663754
0.000717538
0.000765733
0.000807416
0.000842001
0.000869262
0.000889356
0.000902782
0.000910336
0.00091301
0.000911919
0.000908163
0.000902765
0.000896573
0.000890235
0.000884213
0.000878763
0.000874016
0.000869988
0.000866623
0.000863859
0.000861596
0.000859748
0.000858236
0.000856999
0.000855974
0.00085514
0.000854441
0.000853869
0.0008534
0.000853017
0.000852705
0.000852469
0.000852289
0.000852171
0.00085212
2.28443e-05
5.25885e-05
7.78934e-05
9.93422e-05
0.000124277
0.000156654
0.000197138
0.000244725
0.000298
0.000355568
0.000416064
0.000478101
0.000540232
0.000600978
0.000658888
0.000712601
0.000760943
0.000802982
0.00083811
0.000866056
0.000886917
0.000901137
0.00090944
0.000912787
0.000912232
0.00090888
0.000903722
0.000897655
0.000891333
0.000885247
0.000879696
0.000874823
0.000870654
0.000867177
0.0008643
0.00086195
0.000860025
0.000858445
0.000857159
0.000856104
0.000855232
0.00085451
0.000853918
0.000853431
0.000853034
0.000852712
0.00085247
0.00085229
0.000852168
0.000852106
2.29925e-05
5.31412e-05
7.93581e-05
0.000101191
0.000125865
0.000157593
0.000197311
0.000244137
0.000296666
0.000353501
0.000413282
0.000474651
0.000536199
0.000596496
0.000654119
0.000707744
0.000756204
0.000798566
0.000834195
0.000862791
0.000884387
0.000899374
0.000908428
0.000912432
0.000912429
0.000909488
0.000904603
0.000898673
0.000892385
0.000886254
0.00088061
0.000875622
0.000871336
0.000867728
0.000864745
0.000862296
0.000860301
0.000858664
0.000857325
0.000856226
0.000855319
0.000854574
0.000853966
0.000853463
0.000853052
0.000852719
0.000852465
0.000852283
0.000852159
0.000852098
2.3132e-05
5.35672e-05
8.06509e-05
0.000102902
0.000127371
0.000158486
0.000197451
0.000243522
0.000295324
0.000351443
0.000410533
0.000471255
0.000532238
0.000592089
0.000649424
0.000702945
0.000751503
0.000794164
0.000830261
0.000859467
0.000881774
0.000897506
0.000907284
0.000911957
0.000912512
0.000909992
0.000905401
0.000899628
0.000893396
0.000887244
0.000881517
0.000876418
0.000872003
0.000868288
0.000865199
0.000862658
0.000860582
0.000858876
0.00085749
0.000856349
0.00085541
0.000854643
0.000854009
0.000853488
0.000853068
0.000852725
0.00085246
0.00085227
0.000852143
0.000852077
2.3262e-05
5.38826e-05
8.17762e-05
0.000104471
0.000128786
0.000159322
0.000197547
0.000242869
0.000293949
0.000349376
0.000407794
0.000467891
0.000528324
0.000587739
0.000644785
0.000698197
0.000746833
0.000789757
0.000826299
0.00085609
0.000879075
0.000895535
0.000906037
0.000911365
0.000912484
0.000910404
0.00090612
0.000900526
0.000894371
0.0008882
0.000882405
0.000877199
0.000872678
0.00086884
0.000865644
0.000863012
0.000860861
0.000859093
0.000857647
0.000856469
0.000855502
0.000854705
0.000854044
0.000853512
0.000853073
0.000852726
0.00085246
0.000852258
0.000852132
0.000852057
2.3381e-05
5.40985e-05
8.27449e-05
0.000105896
0.000130102
0.000160096
0.000197591
0.000242167
0.000292532
0.000347277
0.000405046
0.000464534
0.000524435
0.00058342
0.000640185
0.000693477
0.000742173
0.000785347
0.000822307
0.000852652
0.000876295
0.000893466
0.000904674
0.000910662
0.000912347
0.000910723
0.000906763
0.000901367
0.000895301
0.000889137
0.000883284
0.000877981
0.000873348
0.000869398
0.000866103
0.000863375
0.000861138
0.000859308
0.000857809
0.00085659
0.000855585
0.00085476
0.000854085
0.000853529
0.000853082
0.000852725
0.000852447
0.000852243
0.000852108
0.000852035
2.3488e-05
5.42305e-05
8.35618e-05
0.000107176
0.000131315
0.000160797
0.000197576
0.000241405
0.000291062
0.00034513
0.000402264
0.000461165
0.000520547
0.000579118
0.000635597
0.000688767
0.000737519
0.000780921
0.000818275
0.000849153
0.000873435
0.000891301
0.000903206
0.000909849
0.000912108
0.000910945
0.000907327
0.000902151
0.000896193
0.000890049
0.000884146
0.000878759
0.000874019
0.000869964
0.000866552
0.000863733
0.000861422
0.000859525
0.000857981
0.000856713
0.000855673
0.000854821
0.000854119
0.000853551
0.00085309
0.000852716
0.000852433
0.00085222
0.000852084
0.000852011
2.35814e-05
5.42901e-05
8.42388e-05
0.000108315
0.000132419
0.000161423
0.000197496
0.000240577
0.000289522
0.000342926
0.000399436
0.000457763
0.000516641
0.000574806
0.000631009
0.000684055
0.000732849
0.00077647
0.000814203
0.000845599
0.000870499
0.000889043
0.000901635
0.000908933
0.00091177
0.000911088
0.000907823
0.00090288
0.000897043
0.000890928
0.000884997
0.00087953
0.000874695
0.000870529
0.000867013
0.000864105
0.00086171
0.000859741
0.000858144
0.00085683
0.000855754
0.000854873
0.000854156
0.000853571
0.00085309
0.000852707
0.000852417
0.000852198
0.000852057
0.000851985
2.36609e-05
5.42899e-05
8.47883e-05
0.000109317
0.000133413
0.000161966
0.000197343
0.000239675
0.000287904
0.000340645
0.000396542
0.000454308
0.000512696
0.000570468
0.000626401
0.000679323
0.00072816
0.000771983
0.000810077
0.00084198
0.000867483
0.000886686
0.000899966
0.000907916
0.000911338
0.000911134
0.000908239
0.000903554
0.00089785
0.000891788
0.000885834
0.000880305
0.000875364
0.000871098
0.00086748
0.000864472
0.000861998
0.000859969
0.000858304
0.000856948
0.000855838
0.000854934
0.000854186
0.000853578
0.00085309
0.000852701
0.0008524
0.000852178
0.000852029
0.000851953
2.37241e-05
5.42417e-05
8.52193e-05
0.000110184
0.000134295
0.000162423
0.000197114
0.000238689
0.000286195
0.000338271
0.000393559
0.000450777
0.00050869
0.000566078
0.00062175
0.000674552
0.000723426
0.000767449
0.000805897
0.000838285
0.00086438
0.00088424
0.000898197
0.000906799
0.000910815
0.000911101
0.000908595
0.000904169
0.000898628
0.000892625
0.000886656
0.000881063
0.000876041
0.000871666
0.000867951
0.00086485
0.000862288
0.000860194
0.000858473
0.000857071
0.000855919
0.000854987
0.000854219
0.000853595
0.000853091
0.000852689
0.00085238
0.000852146
0.000851999
0.000851925
2.3768e-05
5.41471e-05
8.55442e-05
0.000110929
0.000135073
0.000162787
0.000196783
0.000237577
0.000284337
0.000335741
0.000390424
0.000447104
0.000504556
0.000561582
0.000617009
0.000669702
0.000718618
0.000762843
0.000801642
0.00083451
0.00086119
0.0008817
0.000896331
0.000905584
0.000910193
0.000910989
0.000908879
0.000904732
0.000899367
0.000893438
0.000887473
0.000881824
0.000876714
0.000872247
0.000868433
0.000865233
0.000862589
0.00086042
0.000858648
0.000857195
0.000856009
0.000855044
0.000854245
0.000853608
0.000853086
0.000852673
0.000852354
0.000852123
0.000851967
0.000851888
2.37925e-05
5.40207e-05
8.57697e-05
0.000111557
0.000135744
0.00016307
0.000196382
0.000236394
0.000282399
0.000333123
0.000387203
0.000443355
0.000500359
0.00055703
0.000612215
0.000664804
0.000713761
0.000758178
0.000797318
0.000830657
0.000857911
0.000879064
0.000894355
0.00090427
0.000909474
0.000910787
0.000909086
0.000905241
0.000900061
0.000894219
0.000888268
0.000882579
0.000877393
0.000872831
0.000868917
0.000865626
0.00086289
0.000860653
0.00085882
0.000857315
0.00085609
0.000855092
0.000854278
0.000853613
0.000853084
0.000852661
0.000852335
0.00085209
0.000851933
0.000851854
2.38026e-05
5.39858e-05
8.60169e-05
0.00011216
0.000136401
0.000163377
0.000196038
0.000235282
0.000280536
0.00033058
0.000384058
0.000439685
0.000496242
0.000552563
0.000607505
0.00065998
0.000708961
0.000753555
0.000793012
0.000826795
0.000854598
0.000876373
0.000892317
0.000902876
0.000908674
0.000910511
0.000909219
0.000905687
0.000900709
0.000894974
0.000889047
0.000883328
0.000878066
0.000873409
0.0008694
0.000866014
0.000863205
0.000860886
0.000858993
0.000857444
0.000856185
0.000855148
0.000854309
0.000853628
0.000853079
0.00085264
0.000852309
0.000852063
0.000851895
0.000851818
2.3805e-05
5.40013e-05
8.62706e-05
0.000112736
0.000137039
0.000163699
0.000195746
0.000234241
0.00027875
0.000328115
0.000380995
0.0004361
0.000492217
0.000548185
0.000602883
0.00065523
0.000704229
0.000748978
0.000788729
0.000822932
0.000851261
0.000873636
0.000890208
0.000901398
0.000907795
0.000910145
0.000909288
0.000906073
0.000901307
0.000895693
0.000889804
0.000884055
0.000878733
0.00087399
0.000869884
0.000866414
0.000863518
0.000861127
0.000859169
0.000857569
0.000856265
0.000855202
0.000854338
0.00085364
0.000853072
0.000852622
0.000852274
0.000852027
0.000851861
0.000851775
2.38055e-05
5.40501e-05
8.65258e-05
0.000113282
0.000137654
0.00016403
0.000195496
0.000233266
0.00027704
0.000325726
0.00037801
0.000432598
0.000488277
0.000543895
0.000598345
0.000650564
0.000699562
0.000744446
0.000784472
0.000819074
0.000847903
0.000870851
0.000888044
0.000899851
0.000906835
0.00090971
0.00090928
0.000906391
0.000901856
0.00089637
0.000890527
0.000884773
0.000879393
0.000874578
0.000870379
0.000866812
0.000863827
0.000861363
0.000859352
0.000857702
0.000856353
0.000855258
0.000854369
0.000853643
0.000853066
0.000852608
0.000852254
0.000851992
0.000851824
0.000851733
2.38047e-05
5.41186e-05
8.67813e-05
0.000113801
0.000138246
0.000164366
0.000195284
0.000232348
0.000275395
0.000323409
0.000375099
0.000429174
0.000484418
0.000539688
0.00059389
0.000645972
0.00069496
0.000739968
0.000780247
0.000815224
0.000844535
0.000868035
0.00088583
0.000898244
0.0009058
0.00090919
0.000909206
0.000906659
0.000902355
0.000897016
0.000891234
0.000885475
0.000880051
0.000875157
0.000870871
0.000867218
0.000864153
0.000861617
0.000859535
0.00085783
0.000856444
0.00085531
0.000854397
0.000853654
0.000853059
0.00085259
0.000852218
0.000851956
0.000851778
0.000851694
2.38041e-05
5.41991e-05
8.70366e-05
0.000114295
0.000138814
0.000164704
0.000195104
0.000231487
0.000273819
0.000321165
0.000372262
0.000425824
0.000480638
0.000535564
0.000589515
0.000641458
0.000690423
0.000735536
0.000776051
0.000811384
0.000841151
0.000865187
0.000883561
0.00089657
0.000904699
0.000908611
0.00090906
0.000906864
0.000902814
0.000897625
0.000891913
0.000886159
0.000880697
0.000875735
0.000871369
0.000867621
0.000864473
0.00086186
0.00085972
0.000857961
0.00085653
0.00085537
0.000854421
0.000853662
0.000853053
0.000852564
0.000852191
0.000851921
0.000851741
0.000851653
2.38038e-05
5.42851e-05
8.72856e-05
0.000114766
0.00013936
0.000165041
0.000194954
0.000230678
0.000272305
0.000318989
0.000369495
0.000422549
0.000476935
0.000531516
0.000585217
0.000637016
0.000685952
0.000731157
0.000771888
0.000807555
0.000837758
0.000862309
0.000881254
0.000894839
0.000903532
0.000907958
0.000908853
0.000907014
0.000903213
0.000898197
0.000892575
0.000886836
0.000881341
0.000876306
0.00087186
0.00086803
0.000864805
0.000862114
0.000859911
0.000858098
0.000856624
0.000855432
0.000854453
0.000853671
0.000853044
0.000852539
0.000852161
0.000851878
0.000851695
0.000851607
2.3804e-05
5.43725e-05
8.75282e-05
0.000115215
0.000139884
0.000165377
0.00019483
0.000229917
0.000270854
0.000316875
0.000366797
0.000419343
0.000473303
0.000527544
0.000580995
0.000632643
0.000681539
0.000726829
0.000767762
0.000803744
0.000834362
0.000859414
0.000878903
0.000893057
0.000902308
0.000907244
0.000908585
0.000907101
0.000903578
0.000898732
0.000893204
0.00088749
0.000881966
0.000876876
0.000872354
0.000868443
0.000865135
0.000862375
0.000860097
0.000858236
0.000856724
0.00085549
0.000854487
0.000853679
0.000853031
0.000852523
0.000852134
0.000851843
0.000851657
0.000851565
2.38042e-05
5.44583e-05
8.77621e-05
0.000115644
0.000140388
0.000165709
0.00019473
0.000229204
0.000269462
0.000314831
0.000364164
0.000416206
0.000469744
0.000523643
0.000576844
0.000628338
0.000677191
0.000722549
0.000763671
0.000799953
0.000830967
0.000856496
0.000876513
0.000891225
0.000901018
0.000906467
0.000908254
0.000907133
0.000903888
0.000899225
0.000893805
0.00088813
0.000882583
0.000877448
0.000872847
0.000868861
0.000865472
0.000862642
0.000860296
0.000858381
0.000856821
0.00085555
0.000854518
0.000853686
0.000853022
0.000852503
0.000852096
0.000851805
0.000851609
0.000851519
2.38053e-05
5.45394e-05
8.79882e-05
0.000116053
0.000140873
0.000166039
0.000194651
0.000228534
0.000268126
0.000312847
0.000361598
0.000413135
0.00046625
0.000519811
0.000572759
0.000624099
0.000672903
0.000718319
0.000759614
0.000796173
0.000827575
0.000853556
0.000874092
0.000889341
0.000899676
0.000905629
0.000907863
0.000907118
0.000904147
0.000899692
0.000894378
0.000888748
0.000883199
0.000878013
0.000873344
0.000869277
0.000865807
0.000862901
0.000860494
0.00085852
0.000856912
0.000855611
0.000854549
0.000853696
0.000853019
0.000852479
0.000852067
0.000851768
0.000851569
0.000851469
2.38063e-05
5.46132e-05
8.82016e-05
0.000116443
0.000141339
0.000166365
0.000194592
0.000227905
0.000266847
0.000310925
0.000359095
0.000410129
0.000462823
0.000516047
0.000568742
0.000619926
0.000668671
0.000714139
0.000755591
0.000792422
0.000824182
0.000850607
0.000871643
0.000887421
0.000898281
0.000904736
0.000907415
0.000907042
0.000904368
0.000900111
0.000894923
0.000889346
0.000883796
0.00087857
0.000873845
0.000869698
0.000866152
0.000863173
0.000860703
0.000858673
0.000857016
0.000855673
0.000854587
0.000853708
0.000853005
0.000852457
0.000852035
0.000851728
0.000851526
0.000851421
2.38073e-05
5.46802e-05
8.84037e-05
0.000116815
0.000141788
0.000166687
0.00019455
0.000227315
0.000265622
0.000309065
0.000356655
0.000407187
0.000459462
0.000512347
0.00056479
0.000615811
0.000664492
0.000710004
0.000751605
0.000788687
0.000820794
0.000847647
0.000869162
0.000885457
0.000896838
0.000903789
0.000906916
0.00090692
0.000904538
0.000900499
0.000895445
0.000889927
0.000884385
0.000879126
0.000874338
0.000870122
0.000866496
0.000863443
0.000860907
0.000858824
0.000857115
0.00085573
0.000854615
0.000853716
0.000852995
0.000852432
0.000851996
0.000851689
0.00085148
0.000851375
2.38083e-05
5.47404e-05
8.85948e-05
0.000117169
0.000142219
0.000167004
0.000194525
0.000226763
0.000264448
0.000307265
0.000354277
0.000404308
0.000456161
0.000508709
0.0005609
0.000611757
0.000660372
0.000705912
0.000747651
0.000784971
0.000817407
0.000844673
0.000866662
0.000883457
0.000895348
0.000902791
0.000906356
0.000906741
0.000904669
0.000900845
0.000895934
0.000890495
0.000884961
0.000879673
0.000874829
0.000870539
0.000866845
0.000863719
0.000861117
0.000858971
0.00085722
0.0008558
0.000854651
0.000853724
0.000852991
0.000852407
0.000851967
0.000851647
0.000851427
0.000851325
2.38094e-05
5.47927e-05
8.8772e-05
0.000117505
0.000142633
0.000167315
0.000194514
0.000226247
0.000263326
0.000305521
0.00035196
0.000401489
0.000452922
0.000505132
0.000557068
0.00060776
0.000656303
0.000701869
0.000743734
0.000781277
0.000814035
0.00084169
0.000864133
0.000881422
0.000893814
0.000901733
0.000905749
0.000906517
0.00090475
0.000901158
0.000896395
0.000891033
0.00088553
0.000880217
0.000875322
0.000870971
0.000867198
0.000863999
0.000861332
0.000859135
0.000857332
0.000855871
0.000854688
0.00085374
0.000852984
0.000852385
0.000851933
0.000851605
0.000851383
0.000851283
2.38096e-05
5.48376e-05
8.89372e-05
0.000117824
0.000143032
0.000167622
0.000194517
0.000225763
0.00026225
0.000303836
0.0003497
0.000398729
0.000449743
0.000501613
0.000553297
0.000603818
0.000652284
0.000697871
0.000739851
0.000777607
0.000810665
0.000838705
0.000861587
0.000879354
0.000892241
0.00090064
0.000905092
0.000906246
0.000904792
0.000901436
0.000896828
0.000891553
0.000886078
0.000880755
0.000875815
0.000871396
0.00086755
0.000864283
0.000861552
0.000859294
0.000857445
0.000855942
0.000854732
0.000853752
0.000852978
0.000852363
0.000851901
0.000851561
0.000851341
0.00085123
2.38097e-05
5.48742e-05
8.90911e-05
0.000118126
0.000143414
0.000167923
0.000194531
0.00022531
0.000261221
0.000302204
0.000347502
0.000396029
0.000446621
0.000498154
0.000549579
0.000599932
0.000648315
0.000693914
0.000735999
0.00077396
0.000807309
0.000835714
0.000859025
0.000877258
0.000890625
0.000899497
0.000904388
0.000905924
0.000904788
0.000901676
0.000897238
0.000892055
0.00088662
0.000881282
0.000876298
0.000871823
0.000867911
0.000864567
0.000861777
0.000859457
0.000857557
0.000856014
0.00085477
0.000853764
0.000852966
0.000852343
0.00085187
0.000851522
0.000851295
0.000851179
2.38096e-05
5.49033e-05
8.92311e-05
0.000118412
0.000143781
0.000168218
0.000194556
0.000224887
0.000260238
0.000300625
0.000345359
0.000393385
0.000443556
0.000494749
0.000545919
0.000596095
0.000644392
0.000689997
0.00073218
0.000770334
0.000803962
0.000832722
0.000856446
0.000875135
0.00088897
0.000898307
0.000903638
0.000905557
0.000904747
0.000901874
0.000897609
0.000892539
0.000887141
0.000881803
0.000876791
0.000872248
0.000868269
0.000864866
0.000862001
0.000859626
0.00085768
0.000856093
0.000854809
0.000853784
0.000852968
0.000852324
0.000851834
0.00085148
0.00085125
0.00085113
2.38082e-05
5.49248e-05
8.93588e-05
0.000118681
0.000144133
0.000168506
0.000194591
0.000224491
0.000259296
0.0002991
0.00034327
0.000390799
0.000440547
0.000491399
0.00054231
0.00059231
0.000640519
0.00068612
0.000728399
0.000766729
0.000800619
0.000829723
0.000853849
0.000872979
0.00088728
0.000897077
0.000902836
0.000905148
0.000904654
0.00090204
0.000897957
0.000892992
0.000887655
0.000882315
0.000877269
0.000872678
0.000868633
0.000865158
0.000862229
0.000859795
0.000857798
0.000856173
0.000854855
0.000853799
0.000852959
0.000852302
0.000851801
0.00085144
0.000851206
0.000851081
2.38067e-05
5.49395e-05
8.94761e-05
0.000118935
0.00014447
0.000168787
0.000194635
0.000224122
0.000258394
0.000297622
0.000341239
0.000388267
0.000437593
0.000488101
0.000538751
0.000588574
0.000636689
0.000682285
0.000724643
0.000763147
0.000797292
0.000826724
0.000851242
0.000870803
0.00088556
0.000895807
0.000901994
0.000904688
0.000904528
0.000902175
0.000898278
0.000893428
0.000888144
0.000882818
0.000877745
0.000873104
0.000868994
0.000865456
0.000862464
0.000859975
0.000857922
0.000856257
0.000854902
0.000853819
0.000852957
0.000852286
0.000851774
0.0008514
0.000851157
0.000851034
2.3804e-05
5.4947e-05
8.95811e-05
0.000119174
0.000144792
0.000169062
0.000194685
0.000223776
0.000257533
0.000296194
0.000339258
0.000385789
0.00043469
0.000484856
0.000535242
0.000584885
0.0006329
0.000678484
0.00072092
0.000759583
0.000793976
0.000823721
0.000848617
0.000868603
0.000883804
0.0008945
0.00090111
0.000904193
0.000904357
0.000902268
0.000898559
0.00089384
0.000888625
0.000883313
0.000878218
0.000873529
0.000869364
0.000865756
0.000862702
0.000860154
0.000858052
0.00085633
0.000854948
0.000853841
0.00085295
0.000852264
0.000851742
0.000851355
0.000851112
0.000850984
2.38e-05
5.49498e-05
8.96754e-05
0.000119401
0.000145103
0.000169332
0.000194742
0.00022345
0.0002567
0.000294802
0.000337312
0.000383342
0.000431814
0.000481632
0.000531752
0.00058121
0.000629126
0.000674692
0.000717196
0.000756015
0.000790645
0.000820701
0.000845965
0.000866369
0.000882008
0.000893146
0.000900182
0.00090365
0.000904151
0.000902328
0.000898817
0.000894239
0.000889087
0.0008838
0.000878689
0.000873958
0.000869735
0.000866057
0.000862942
0.000860334
0.000858177
0.000856424
0.000854998
0.00085386
0.000852957
0.000852246
0.000851713
0.000851319
0.000851065
0.000850939
2.37944e-05
5.49483e-05
8.97625e-05
0.000119618
0.000145407
0.0001696
0.000194806
0.00022314
0.00025589
0.000293429
0.000335385
0.000380905
0.000428941
0.000478404
0.000528251
0.000577519
0.00062533
0.000670876
0.000713449
0.000752416
0.000787274
0.000817637
0.00084327
0.000864081
0.000880155
0.000891737
0.0008992
0.000903058
0.000903897
0.00090235
0.000899052
0.000894607
0.000889542
0.000884276
0.000879154
0.000874387
0.000870105
0.000866371
0.000863183
0.000860517
0.000858312
0.000856513
0.000855055
0.000853886
0.000852956
0.00085223
0.00085168
0.000851278
0.000851022
0.000850891
2.37882e-05
5.49415e-05
8.98425e-05
0.000119826
0.000145702
0.000169866
0.000194878
0.00022285
0.000255107
0.000292088
0.00033348
0.00037849
0.000426083
0.000475183
0.000524753
0.000573829
0.000621526
0.00066705
0.000709681
0.000748795
0.000783876
0.000814536
0.000840525
0.000861747
0.000878256
0.000890276
0.000898174
0.000902423
0.000903603
0.000902339
0.000899259
0.000894958
0.000889985
0.000884756
0.000879626
0.000874816
0.000870483
0.000866686
0.000863444
0.000860714
0.000858454
0.000856606
0.000855109
0.000853909
0.000852957
0.000852216
0.000851649
0.000851239
0.00085098
0.000850845
2.37808e-05
5.49316e-05
8.99161e-05
0.000120024
0.000145989
0.00017013
0.000194957
0.000222578
0.000254352
0.000290778
0.000331614
0.000376104
0.000423249
0.000471982
0.000521269
0.000570147
0.000617731
0.000663223
0.000705907
0.000745161
0.000780465
0.000811414
0.000837753
0.000859371
0.000876312
0.000888767
0.000897095
0.000901735
0.000903268
0.000902291
0.000899431
0.000895292
0.000890408
0.000885223
0.000880089
0.00087525
0.000870861
0.000867001
0.000863694
0.000860911
0.000858598
0.000856701
0.000855167
0.000853942
0.00085296
0.000852199
0.000851621
0.000851203
0.000850928
0.000850792
2.37727e-05
5.49184e-05
8.99835e-05
0.000120213
0.000146267
0.00017039
0.000195044
0.000222326
0.000253628
0.00028951
0.000329789
0.000373759
0.000420452
0.000468813
0.000517812
0.000566484
0.000613951
0.00065941
0.000702143
0.000741525
0.00077704
0.000808273
0.00083496
0.000856971
0.000874333
0.000887227
0.000895969
0.000901006
0.000902888
0.000902204
0.000899575
0.000895601
0.000890814
0.00088567
0.000880545
0.000875676
0.000871243
0.000867328
0.000863955
0.00086111
0.000858744
0.000856808
0.000855232
0.00085397
0.000852964
0.000852182
0.000851594
0.000851169
0.000850883
0.000850748
2.37641e-05
5.49019e-05
9.00428e-05
0.000120393
0.000146536
0.000170646
0.000195138
0.000222096
0.000252941
0.000288287
0.000328012
0.000371464
0.000417702
0.000465688
0.000514395
0.00056286
0.000610204
0.000655619
0.000698397
0.000737905
0.000773619
0.00080513
0.00083215
0.000854542
0.000872319
0.000885642
0.000894808
0.000900241
0.00090247
0.000902088
0.000899686
0.000895881
0.000891205
0.00088611
0.000880987
0.000876102
0.000871623
0.000867649
0.000864217
0.000861315
0.000858888
0.000856905
0.000855297
0.000853998
0.000852976
0.000852174
0.000851561
0.000851128
0.000850845
0.000850698
2.37548e-05
5.48852e-05
9.01003e-05
0.000120565
0.000146796
0.000170899
0.00019524
0.000221889
0.000252289
0.000287111
0.000326291
0.000369227
0.000415009
0.000462616
0.000511027
0.000559281
0.000606495
0.000651866
0.000694679
0.000734304
0.000770209
0.000801986
0.00082933
0.000852099
0.000870285
0.000884027
0.000893601
0.000899433
0.000902018
0.000901925
0.000899771
0.000896138
0.000891573
0.000886543
0.00088144
0.000876525
0.000872008
0.000867979
0.000864488
0.00086152
0.000859046
0.000857013
0.000855363
0.000854035
0.000852983
0.00085216
0.000851537
0.000851089
0.000850796
0.000850654
2.37444e-05
5.48668e-05
9.01514e-05
0.000120729
0.000147048
0.000171148
0.000195348
0.000221701
0.000251677
0.000285988
0.000324629
0.000367052
0.000412379
0.000459606
0.00050772
0.00055576
0.000602841
0.000648162
0.000691002
0.000730736
0.000766827
0.000798853
0.000826517
0.00084965
0.000868227
0.000882381
0.000892375
0.00089859
0.000901524
0.000901736
0.000899823
0.000896366
0.000891922
0.000886962
0.000881871
0.000876945
0.000872384
0.000868307
0.000864759
0.000861733
0.000859201
0.000857123
0.000855428
0.000854064
0.000852991
0.000852148
0.000851511
0.000851051
0.000850753
0.000850606
2.37339e-05
5.48483e-05
9.01998e-05
0.000120885
0.000147291
0.000171394
0.000195463
0.000221538
0.000251102
0.000284917
0.000323033
0.000364949
0.000409823
0.00045667
0.000504482
0.000552303
0.000599247
0.000644513
0.000687376
0.000727212
0.000763474
0.000795747
0.000823713
0.000847198
0.000866163
0.000880717
0.00089111
0.000897714
0.000900998
0.000901509
0.000899842
0.000896571
0.000892252
0.000887355
0.000882289
0.000877357
0.000872764
0.000868633
0.000865026
0.000861946
0.000859363
0.000857234
0.0008555
0.000854105
0.000853003
0.000852141
0.000851487
0.00085102
0.000850712
0.00085056
2.37229e-05
5.48307e-05
9.02439e-05
0.000121035
0.000147527
0.000171635
0.000195585
0.000221396
0.000250568
0.000283902
0.000321506
0.000362921
0.000407346
0.000453813
0.000501325
0.000548926
0.00059573
0.000640931
0.000683813
0.000723737
0.000760165
0.000792667
0.000820923
0.000844749
0.000864093
0.000879039
0.000889827
0.000896807
0.00090044
0.000901258
0.000899831
0.000896749
0.000892553
0.00088774
0.000882709
0.000877766
0.000873133
0.00086896
0.000865297
0.000862156
0.000859526
0.000857352
0.000855569
0.000854151
0.000853016
0.000852134
0.000851464
0.000850982
0.000850671
0.000850512
2.37113e-05
5.48142e-05
9.02883e-05
0.000121179
0.000147755
0.000171873
0.000195713
0.000221276
0.000250073
0.000282944
0.000320046
0.000360974
0.000404956
0.000451046
0.000498255
0.000545634
0.000592293
0.000637428
0.000680318
0.000720326
0.000756908
0.00078963
0.000818168
0.000842314
0.000862017
0.000877351
0.000888526
0.000895878
0.000899848
0.000900967
0.000899794
0.000896904
0.000892841
0.0008881
0.000883104
0.000878158
0.000873511
0.000869291
0.000865569
0.000862374
0.000859694
0.000857467
0.000855654
0.00085419
0.000853026
0.000852131
0.000851439
0.00085095
0.00085063
0.000850466
2.37e-05
5.47997e-05
9.03313e-05
0.000121319
0.000147977
0.000172107
0.000195847
0.000221177
0.000249617
0.000282044
0.000318661
0.000359111
0.000402656
0.000448373
0.000495283
0.000542436
0.000588948
0.000634011
0.000676901
0.000716983
0.000753707
0.000786642
0.00081544
0.000839906
0.000859959
0.000875664
0.000887209
0.000894927
0.000899242
0.00090065
0.000899726
0.000897026
0.000893106
0.000888452
0.000883494
0.000878553
0.000873874
0.000869605
0.000865844
0.0008626
0.000859859
0.000857584
0.000855731
0.000854233
0.000853048
0.000852122
0.000851419
0.000850913
0.00085059
0.000850426
2.3689e-05
5.47874e-05
9.03741e-05
0.000121454
0.000148193
0.000172339
0.000195987
0.000221099
0.000249202
0.000281204
0.000317354
0.000357337
0.000400453
0.000445802
0.000492412
0.000539342
0.000585703
0.00063069
0.000673574
0.000713721
0.000750582
0.000783707
0.000812761
0.000837523
0.000857912
0.000873977
0.000885885
0.000893957
0.000898602
0.000900305
0.000899628
0.000897121
0.000893346
0.000888785
0.00088387
0.000878932
0.000874231
0.000869932
0.000866114
0.000862816
0.000860023
0.00085771
0.00085581
0.000854278
0.000853062
0.000852117
0.000851406
0.000850887
0.000850549
0.000850387
2.36782e-05
5.47779e-05
9.04176e-05
0.000121586
0.000148403
0.000172567
0.000196133
0.000221043
0.000248826
0.000280421
0.000316121
0.000355654
0.000398354
0.000443338
0.000489654
0.000536359
0.000582567
0.00062747
0.000670344
0.000710549
0.000747531
0.000780842
0.00081013
0.000835178
0.000855889
0.000872297
0.000884563
0.000892978
0.000897945
0.00089994
0.000899506
0.000897201
0.000893559
0.000889092
0.000884225
0.0008793
0.000874589
0.000870247
0.000866386
0.000863033
0.000860197
0.000857831
0.000855886
0.000854327
0.000853084
0.000852116
0.000851384
0.000850853
0.000850514
0.000850342
2.36675e-05
5.47723e-05
9.04627e-05
0.000121716
0.000148609
0.000172792
0.000196284
0.000221005
0.00024849
0.000279701
0.00031497
0.000354066
0.000396359
0.000440989
0.000487013
0.000533494
0.00057955
0.000624368
0.000667222
0.000707471
0.000744567
0.000778045
0.000807561
0.000832878
0.000853897
0.000870631
0.000883237
0.000891989
0.000897269
0.000899554
0.000899362
0.000897248
0.000893758
0.000889379
0.000884565
0.000879659
0.000874931
0.000870558
0.00086665
0.00086325
0.000860363
0.000857954
0.000855977
0.000854378
0.000853104
0.000852112
0.000851367
0.000850825
0.000850473
0.000850303
2.36581e-05
5.47708e-05
9.05105e-05
0.000121845
0.000148811
0.000173016
0.000196441
0.000220988
0.000248191
0.000279038
0.000313898
0.000352576
0.000394475
0.00043876
0.000484497
0.000530756
0.000576655
0.000621385
0.000664216
0.000704507
0.000741698
0.000775333
0.000805059
0.000830634
0.000851937
0.000868994
0.000881918
0.000890993
0.000896583
0.000899143
0.000899189
0.00089727
0.000893929
0.000889653
0.000884888
0.000880007
0.000875264
0.000870862
0.00086692
0.000863474
0.000860538
0.000858084
0.000856061
0.000854431
0.000853133
0.000852112
0.000851346
0.000850795
0.000850436
0.000850258
2.36491e-05
5.47745e-05
9.05623e-05
0.000121974
0.00014901
0.000173237
0.000196604
0.000220991
0.000247933
0.000278437
0.000312904
0.000351184
0.000392705
0.000436653
0.00048211
0.000528151
0.000573894
0.000618531
0.000661332
0.000701651
0.000738932
0.000772712
0.000802631
0.000828446
0.000850027
0.000867372
0.000880619
0.000890004
0.000895892
0.000898718
0.000899004
0.000897278
0.000894073
0.000889903
0.000885204
0.000880338
0.000875594
0.000871171
0.000867178
0.00086369
0.000860706
0.000858201
0.000856146
0.000854478
0.000853151
0.000852116
0.000851332
0.00085077
0.000850399
0.000850219
2.36416e-05
5.47844e-05
9.06195e-05
0.000122104
0.000149208
0.000173459
0.000196774
0.000221014
0.000247712
0.000277897
0.000311996
0.000349894
0.000391052
0.000434676
0.000479861
0.000525684
0.000571275
0.000615814
0.000658576
0.000698919
0.000736275
0.000770187
0.000800287
0.00082632
0.000848163
0.000865793
0.000879338
0.000889017
0.00089519
0.00089828
0.000898797
0.00089726
0.000894205
0.000890132
0.000885491
0.000880652
0.000875906
0.000871463
0.000867435
0.000863906
0.000860878
0.00085833
0.000856232
0.000854535
0.000853183
0.000852115
0.000851319
0.000850744
0.000850367
0.000850186
2.36357e-05
5.4803e-05
9.06852e-05
0.00012224
0.000149407
0.000173682
0.000196951
0.000221057
0.000247532
0.000277417
0.00031117
0.000348708
0.000389519
0.000432829
0.000477749
0.000523361
0.000568794
0.000613234
0.000655954
0.000696306
0.000733729
0.000767761
0.000798023
0.000824268
0.000846347
0.00086425
0.000878066
0.000888038
0.000894483
0.000897834
0.00089857
0.000897218
0.000894304
0.000890338
0.000885765
0.000880962
0.000876213
0.000871746
0.000867691
0.000864113
0.000861044
0.00085846
0.000856325
0.000854591
0.000853204
0.000852122
0.00085131
0.000850714
0.000850334
0.000850147
2.36321e-05
5.48373e-05
9.07672e-05
0.000122388
0.000149616
0.000173915
0.000197144
0.000221128
0.000247394
0.000276996
0.00031042
0.000347611
0.000388083
0.000431087
0.00047574
0.000521139
0.000566411
0.000610746
0.000653414
0.000693772
0.000731251
0.000765385
0.000795804
0.000822244
0.000844556
0.000862712
0.000876803
0.00088705
0.000893761
0.000897365
0.000898326
0.000897159
0.000894395
0.000890535
0.000886028
0.000881247
0.000876505
0.000872024
0.000867933
0.000864326
0.000861208
0.000858587
0.000856409
0.00085464
0.000853232
0.000852131
0.000851294
0.000850692
0.000850302
0.000850109
2.35909e-05
5.4891e-05
9.09213e-05
0.000122651
0.000149973
0.000174305
0.000197463
0.000221244
0.000247176
0.000276333
0.000309247
0.000345904
0.000385869
0.000428423
0.000472701
0.000517811
0.000562876
0.000607094
0.000649725
0.00069012
0.000727716
0.000762029
0.000792695
0.000819426
0.000842077
0.000860603
0.000875077
0.000885706
0.000892789
0.000896724
0.000897979
0.000897053
0.000894489
0.000890759
0.000886344
0.000881604
0.000876873
0.000872363
0.000868241
0.000864581
0.000861419
0.00085874
0.000856518
0.000854713
0.000853269
0.000852138
0.000851282
0.000850668
0.000850268
0.000850071
2.35898e-05
5.49777e-05
9.11182e-05
0.000122956
0.00015037
0.000174737
0.000197839
0.000221453
0.000247104
0.00027588
0.000308346
0.000344532
0.000384039
0.000426176
0.000470101
0.000514925
0.000559781
0.000603863
0.000646432
0.000686838
0.000724511
0.000758973
0.000789835
0.000816826
0.000839776
0.000858626
0.000873443
0.000884419
0.000891836
0.00089608
0.000897619
0.000896933
0.000894542
0.000890956
0.000886613
0.000881928
0.000877203
0.00087268
0.000868525
0.000864818
0.00086161
0.000858884
0.000856623
0.000854782
0.000853302
0.00085215
0.000851274
0.00085065
0.000850238
0.000850032
2.3597e-05
5.50753e-05
9.13307e-05
0.000123272
0.000150764
0.000175165
0.000198228
0.000221711
0.000247132
0.000275593
0.000307681
0.000343463
0.000382569
0.000424336
0.000467935
0.000512495
0.000557149
0.00060109
0.000643586
0.000683979
0.000721699
0.000756266
0.000787293
0.000814491
0.000837685
0.000856814
0.000871934
0.000883216
0.000890934
0.000895472
0.000897255
0.000896784
0.000894573
0.000891109
0.000886859
0.000882214
0.000877509
0.000872978
0.000868793
0.000865048
0.000861791
0.000859033
0.000856725
0.000854849
0.000853338
0.000852161
0.000851269
0.000850625
0.00085021
0.000849996
2.36138e-05
5.51712e-05
9.15487e-05
0.000123591
0.000151157
0.000175589
0.000198624
0.000221998
0.000247224
0.000275412
0.000307172
0.000342595
0.000381345
0.000422776
0.00046608
0.000510388
0.000554847
0.000598648
0.000641057
0.000681424
0.000719174
0.000753821
0.000784978
0.000812348
0.000835761
0.00085514
0.000870522
0.000882079
0.000890071
0.000894862
0.000896888
0.000896622
0.000894572
0.000891237
0.000887073
0.000882478
0.00087779
0.000873252
0.000869045
0.000865262
0.000861967
0.000859169
0.000856829
0.00085491
0.000853373
0.000852174
0.000851261
0.000850606
0.000850179
0.000849967
2.36388e-05
5.5251e-05
9.17596e-05
0.000123905
0.000151541
0.000176006
0.000199019
0.000222301
0.000247357
0.000275307
0.000306772
0.000341874
0.000380297
0.000421418
0.000464443
0.000508516
0.000552784
0.000596445
0.000638767
0.000679096
0.000716856
0.000751566
0.000782831
0.000810354
0.000833958
0.000853548
0.000869179
0.000880986
0.000889235
0.000894266
0.000896512
0.000896439
0.000894552
0.000891342
0.000887265
0.000882717
0.00087805
0.000873515
0.000869288
0.000865474
0.000862146
0.000859299
0.000856927
0.000854975
0.000853416
0.000852184
0.00085126
0.000850589
0.000850149
0.000849937
2.36707e-05
5.53001e-05
9.19479e-05
0.000124201
0.00015191
0.00017641
0.000199407
0.000222608
0.000247513
0.000275243
0.000306441
0.000341242
0.000379359
0.000420187
0.000462947
0.000506791
0.000550873
0.000594395
0.000636625
0.00067691
0.000714673
0.000749431
0.000780789
0.000808452
0.000832226
0.000852024
0.000867875
0.000879918
0.000888409
0.000893667
0.000896128
0.000896245
0.000894517
0.000891423
0.000887436
0.000882952
0.000878303
0.000873759
0.000869524
0.000865684
0.000862312
0.000859432
0.000857023
0.000855042
0.000853454
0.000852208
0.000851253
0.000850569
0.000850125
0.000849905
2.37069e-05
5.53026e-05
9.20957e-05
0.000124467
0.000152255
0.000176794
0.000199779
0.000222908
0.000247671
0.000275194
0.000306133
0.00034065
0.000378469
0.000419012
0.000461514
0.000505134
0.000549033
0.000592416
0.000634553
0.000674787
0.00071255
0.000747351
0.000778799
0.000806588
0.000830525
0.000850514
0.00086658
0.000878851
0.000887576
0.000893064
0.000895733
0.000896033
0.000894463
0.0008915
0.000887597
0.000883161
0.000878541
0.000874012
0.000869749
0.000865883
0.000862492
0.000859575
0.000857128
0.00085511
0.000853493
0.000852223
0.000851257
0.000850559
0.000850104
0.000849879
2.37453e-05
5.52437e-05
9.21833e-05
0.000124687
0.000152563
0.000177149
0.000200128
0.000223186
0.000247809
0.000275129
0.000305812
0.000340043
0.000377568
0.000417827
0.00046007
0.000503467
0.000547183
0.000590428
0.000632473
0.000672662
0.000710418
0.000745266
0.000776797
0.000804715
0.000828813
0.000848993
0.000865273
0.000877778
0.000886726
0.000892439
0.000895324
0.000895807
0.000894397
0.00089156
0.000887739
0.000883369
0.000878784
0.000874256
0.000869986
0.000866093
0.000862669
0.000859713
0.000857229
0.000855195
0.000853543
0.000852247
0.000851257
0.000850546
0.000850088
0.000849854
2.37822e-05
5.51127e-05
9.21907e-05
0.000124842
0.000152824
0.000177465
0.000200441
0.000223429
0.00024791
0.000275018
0.000305439
0.000339378
0.000376601
0.000416573
0.000458557
0.00050173
0.00054527
0.000588378
0.000630336
0.000670482
0.000708249
0.000743146
0.000774774
0.000802823
0.000827083
0.000847465
0.000863957
0.00087669
0.000885871
0.000891811
0.000894902
0.000895582
0.000894323
0.000891615
0.000887893
0.000883583
0.000879033
0.000874512
0.000870231
0.000866322
0.000862859
0.000859876
0.000857361
0.000855289
0.000853609
0.000852296
0.00085129
0.000850571
0.000850094
0.00084986
2.3812e-05
5.49048e-05
9.20895e-05
0.000124902
0.000153004
0.00017771
0.000200687
0.000223604
0.000247939
0.000274835
0.000304997
0.000338645
0.000375581
0.000415282
0.000457026
0.000500003
0.00054339
0.000586395
0.000628291
0.000668423
0.000706215
0.000741176
0.000772905
0.000801083
0.000825512
0.000846076
0.000862772
0.000875713
0.000885106
0.000891254
0.000894533
0.000895385
0.000894277
0.000891675
0.000888053
0.000883802
0.000879285
0.000874777
0.00087049
0.000866568
0.000863079
0.000860072
0.000857525
0.000855425
0.000853731
0.000852395
0.000851374
0.000850644
0.000850154
0.000849917
)
;

boundaryField
{
    inlet
    {
        type            calculated;
        value           uniform 0.000851986;
    }
    outlet
    {
        type            calculated;
        value           nonuniform List<scalar> 
50
(
2.3812e-05
5.49048e-05
9.20895e-05
0.000124902
0.000153004
0.00017771
0.000200687
0.000223604
0.000247939
0.000274835
0.000304997
0.000338645
0.000375581
0.000415282
0.000457026
0.000500003
0.00054339
0.000586395
0.000628291
0.000668423
0.000706215
0.000741176
0.000772905
0.000801083
0.000825512
0.000846076
0.000862772
0.000875713
0.000885106
0.000891254
0.000894533
0.000895385
0.000894277
0.000891675
0.000888053
0.000883802
0.000879285
0.000874777
0.00087049
0.000866568
0.000863079
0.000860072
0.000857525
0.000855425
0.000853731
0.000852395
0.000851374
0.000850644
0.000850154
0.000849917
)
;
    }
    innerBox
    {
        type            nutkWallFunction;
        Cmu             0.09;
        kappa           0.41;
        E               9.8;
        value           uniform 0;
    }
    lowerWall
    {
        type            symmetryPlane;
    }
    frontAndBack
    {
        type            empty;
    }
}


// ************************************************************************* //
