/*--------------------------------*- C++ -*----------------------------------*\
| =========                 |                                                 |
| \\      /  F ield         | OpenFOAM: The Open Source CFD Toolbox           |
|  \\    /   O peration     | Version:  2.2.x                                 |
|   \\  /    A nd           | Web:      www.OpenFOAM.org                      |
|    \\/     M anipulation  |                                                 |
\*---------------------------------------------------------------------------*/
FoamFile
{
    version     2.0;
    format      ascii;
    class       volScalarField;
    location    "2000";
    object      p;
}
// * * * * * * * * * * * * * * * * * * * * * * * * * * * * * * * * * * * * * //

dimensions      [0 2 -2 0 0 0 0];

internalField   nonuniform List<scalar> 
5000
(
-33.1613
-36.2592
-29.0032
-24.3071
-21.4263
-19.3723
-17.7639
-16.4595
-15.3748
-14.4529
-13.6556
-12.9569
-12.3379
-11.7846
-11.2865
-10.8353
-10.4245
-10.0487
-9.70356
-9.3856
-9.09179
-8.81959
-8.56686
-8.33177
-8.11274
-7.90841
-7.7176
-7.53929
-7.37258
-7.21668
-7.07091
-6.93468
-6.80745
-6.68877
-6.57823
-6.47549
-6.38025
-6.29225
-6.21127
-6.13715
-6.06975
-6.00895
-5.9547
-5.90696
-5.86572
-5.83103
-5.80297
-5.78165
-5.76727
-5.75967
-25.9432
-27.5697
-24.6203
-22.7326
-20.9222
-19.2332
-17.7762
-16.5438
-15.4899
-14.5764
-13.7764
-13.0698
-12.4411
-11.8778
-11.3701
-10.9101
-10.4912
-10.1081
-9.75657
-9.43279
-9.13375
-8.85685
-8.59988
-8.36096
-8.13846
-7.93099
-7.73732
-7.55642
-7.38734
-7.22929
-7.08157
-6.94355
-6.8147
-6.69453
-6.58265
-6.47868
-6.38233
-6.29332
-6.21144
-6.13651
-6.06837
-6.00693
-5.9521
-5.90386
-5.86219
-5.82715
-5.79879
-5.77724
-5.76273
-5.75516
-20.1934
-21.5153
-20.193
-19.6471
-18.7356
-17.6838
-16.6696
-15.7422
-14.9016
-14.1402
-13.4496
-12.8221
-12.2508
-11.7297
-11.2532
-10.8166
-10.4154
-10.0459
-9.70484
-9.38923
-9.0966
-8.82474
-8.57177
-8.33601
-8.11603
-7.91056
-7.71848
-7.53883
-7.37075
-7.21348
-7.06636
-6.92881
-6.80031
-6.68042
-6.56873
-6.4649
-6.36863
-6.27967
-6.19781
-6.12288
-6.05472
-5.99324
-5.93837
-5.89007
-5.84835
-5.81323
-5.78481
-5.76318
-5.74858
-5.74088
-16.5344
-17.6184
-16.9445
-16.8618
-16.417
-15.8273
-15.1978
-14.5707
-13.9646
-13.388
-12.8434
-12.3313
-11.8509
-11.4015
-10.9816
-10.5898
-10.2244
-9.88368
-9.5658
-9.26908
-8.99191
-8.73281
-8.49042
-8.26348
-8.0509
-7.85165
-7.66484
-7.48967
-7.3254
-7.17139
-7.02708
-6.89194
-6.76551
-6.64741
-6.53727
-6.43478
-6.33968
-6.25173
-6.17073
-6.09653
-6.02901
-5.96806
-5.91363
-5.86568
-5.82424
-5.78933
-5.76103
-5.73945
-5.72483
-5.71699
-13.7592
-14.6921
-14.4067
-14.5389
-14.3623
-14.0697
-13.713
-13.3208
-12.9139
-12.5052
-12.1019
-11.708
-11.3262
-10.9585
-10.6061
-10.2699
-9.95038
-9.6475
-9.36098
-9.09033
-8.83493
-8.59408
-8.36706
-8.15312
-7.95158
-7.76176
-7.58302
-7.41478
-7.25649
-7.10766
-6.96784
-6.83661
-6.71359
-6.59847
-6.49093
-6.39072
-6.29761
-6.2114
-6.13192
-6.05903
-5.99264
-5.93265
-5.87903
-5.83176
-5.79085
-5.75634
-5.72831
-5.70688
-5.69228
-5.68429
-11.4215
-12.2607
-12.237
-12.4987
-12.5077
-12.4226
-12.2659
-12.0576
-11.8154
-11.5524
-11.2771
-10.995
-10.7103
-10.4263
-10.1457
-9.8708
-9.60331
-9.34456
-9.09545
-8.85654
-8.6281
-8.41022
-8.20281
-8.00568
-7.81856
-7.64118
-7.47319
-7.31427
-7.16409
-7.02233
-6.88868
-6.76286
-6.6446
-6.53364
-6.42977
-6.33279
-6.24252
-6.1588
-6.0815
-6.01052
-5.94578
-5.88721
-5.83479
-5.78852
-5.74841
-5.71452
-5.68694
-5.66577
-5.65126
-5.64314
-9.52262
-10.2562
-10.3772
-10.6995
-10.8297
-10.8871
-10.8763
-10.81
-10.7015
-10.5616
-10.3983
-10.2175
-10.0239
-9.82114
-9.61255
-9.40094
-9.18879
-8.9782
-8.77086
-8.56813
-8.371
-8.18022
-7.99629
-7.81953
-7.65013
-7.48816
-7.33364
-7.18649
-7.04663
-6.91394
-6.78827
-6.66947
-6.55741
-6.45194
-6.35292
-6.26022
-6.17373
-6.09335
-6.01899
-5.95059
-5.88809
-5.83147
-5.78071
-5.73584
-5.69688
-5.66389
-5.63698
-5.61626
-5.60196
-5.59379
-8.06182
-8.66544
-8.84141
-9.16701
-9.35782
-9.49843
-9.5828
-9.61708
-9.60929
-9.56695
-9.49632
-9.4025
-9.28973
-9.16157
-9.02117
-8.8714
-8.71487
-8.55397
-8.39078
-8.2271
-8.06444
-7.90401
-7.7468
-7.59356
-7.44487
-7.30116
-7.16273
-7.0298
-6.90251
-6.78093
-6.66512
-6.55508
-6.45079
-6.35222
-6.25933
-6.17209
-6.09044
-6.01435
-5.94379
-5.87874
-5.81918
-5.76511
-5.71656
-5.67356
-5.63616
-5.60444
-5.57851
-5.55848
-5.5446
-5.53655
-6.97045
-7.43832
-7.61585
-7.90779
-8.11168
-8.28574
-8.41929
-8.51375
-8.5725
-8.59964
-8.59905
-8.57434
-8.52866
-8.46483
-8.38541
-8.29282
-8.18936
-8.07724
-7.95856
-7.83522
-7.70893
-7.58119
-7.45328
-7.32624
-7.20096
-7.07815
-6.95839
-6.84212
-6.7297
-6.62141
-6.51747
-6.41803
-6.32321
-6.23311
-6.1478
-6.06731
-5.9917
-5.92099
-5.8552
-5.79438
-5.73856
-5.68777
-5.64207
-5.60152
-5.5662
-5.53619
-5.51163
-5.49262
-5.47945
-5.47181
-6.17836
-6.52621
-6.67639
-6.91739
-7.10494
-7.27967
-7.42918
-7.55194
-7.64801
-7.71861
-7.76542
-7.79029
-7.79508
-7.78159
-7.75158
-7.70678
-7.64897
-7.57999
-7.50167
-7.41581
-7.3241
-7.2281
-7.12921
-7.02864
-6.92743
-6.82648
-6.72651
-6.62817
-6.53196
-6.43832
-6.34761
-6.2601
-6.17606
-6.09566
-6.01909
-5.94647
-5.87792
-5.81355
-5.75345
-5.69769
-5.64637
-5.59957
-5.55736
-5.51986
-5.48714
-5.45934
-5.43657
-5.41899
-5.40688
-5.39999
-5.60596
-5.92715
-6.01554
-6.23022
-6.38686
-6.54449
-6.6843
-6.80555
-6.90739
-6.99006
-7.05421
-7.10083
-7.13099
-7.14575
-7.14618
-7.13338
-7.10846
-7.07264
-7.02718
-6.9734
-6.9126
-6.84607
-6.77501
-6.70053
-6.62364
-6.54523
-6.46609
-6.38692
-6.30831
-6.23078
-6.15479
-6.08071
-6.00889
-5.9396
-5.87311
-5.80962
-5.74933
-5.6924
-5.63899
-5.58923
-5.54327
-5.50122
-5.46321
-5.42936
-5.39981
-5.37468
-5.35413
-5.3383
-5.32746
-5.32136
-5.32056
-5.54732
-5.60055
-5.77966
-5.90609
-6.04162
-6.1648
-6.2757
-6.37285
-6.45585
-6.52476
-6.57999
-6.62206
-6.65158
-6.66917
-6.67543
-6.67104
-6.6567
-6.63325
-6.60156
-6.56258
-6.51732
-6.46676
-6.41185
-6.35351
-6.29258
-6.22982
-6.16593
-6.10153
-6.03718
-5.97335
-5.91049
-5.84898
-5.78915
-5.7313
-5.67569
-5.62258
-5.57215
-5.52461
-5.48013
-5.43888
-5.40101
-5.36667
-5.336
-5.30916
-5.28627
-5.26749
-5.25297
-5.24292
-5.23704
-5.12199
-5.27251
-5.30826
-5.44885
-5.54939
-5.66484
-5.77342
-5.87489
-5.96697
-6.04861
-6.11928
-6.1789
-6.22759
-6.26562
-6.2933
-6.31102
-6.31918
-6.3183
-6.30892
-6.29172
-6.2674
-6.23678
-6.20064
-6.15982
-6.1151
-6.06724
-6.01695
-5.96488
-5.91163
-5.85775
-5.80371
-5.74998
-5.69694
-5.64495
-5.59434
-5.54538
-5.49835
-5.45346
-5.41094
-5.37099
-5.33378
-5.29948
-5.26826
-5.24027
-5.21566
-5.19458
-5.17716
-5.16355
-5.15396
-5.148
-4.91592
-5.02458
-5.05455
-5.16529
-5.24572
-5.34294
-5.43693
-5.52756
-5.61231
-5.68981
-5.75921
-5.82005
-5.87215
-5.91545
-5.95002
-5.97599
-5.99357
-6.00304
-6.00475
-5.99918
-5.98685
-5.96837
-5.94441
-5.91563
-5.88272
-5.84633
-5.80711
-5.76565
-5.72251
-5.6782
-5.63322
-5.58798
-5.54288
-5.4983
-5.45455
-5.41194
-5.37073
-5.33119
-5.29353
-5.25796
-5.22468
-5.19386
-5.16569
-5.14031
-5.11789
-5.09856
-5.08247
-5.06976
-5.06062
-5.05459
-4.68413
-4.7685
-4.79753
-4.88736
-4.95444
-5.03743
-5.11911
-5.19974
-5.27699
-5.34951
-5.41633
-5.47681
-5.53055
-5.5773
-5.61693
-5.64937
-5.67464
-5.69283
-5.70411
-5.70876
-5.70712
-5.69964
-5.68682
-5.66918
-5.6473
-5.62174
-5.59305
-5.56176
-5.52838
-5.49341
-5.45728
-5.42041
-5.38319
-5.34599
-5.30912
-5.2729
-5.2376
-5.20348
-5.17077
-5.1397
-5.11047
-5.08326
-5.05825
-5.03561
-5.01549
-4.99804
-4.9834
-4.9717
-4.96315
-4.95718
-4.44027
-4.50816
-4.53659
-4.61124
-4.66978
-4.7426
-4.81527
-4.8882
-4.95935
-5.02749
-5.09168
-5.15125
-5.2057
-5.25469
-5.29796
-5.33533
-5.36668
-5.39196
-5.4112
-5.42453
-5.43213
-5.4343
-5.43138
-5.42378
-5.41194
-5.39633
-5.37742
-5.35567
-5.33153
-5.30543
-5.2778
-5.24902
-5.21947
-5.18948
-5.15939
-5.12948
-5.10005
-5.07135
-5.04362
-5.01708
-4.99194
-4.9684
-4.94663
-4.92681
-4.90909
-4.89361
-4.88053
-4.86995
-4.86208
-4.8563
-4.19486
-4.25091
-4.27834
-4.3416
-4.39431
-4.45965
-4.5257
-4.59282
-4.65919
-4.72375
-4.78561
-4.84413
-4.89881
-4.94927
-4.99517
-5.03628
-5.07239
-5.10337
-5.12914
-5.1497
-5.16513
-5.17559
-5.18129
-5.18254
-5.17966
-5.17302
-5.163
-5.15
-5.1344
-5.11659
-5.09695
-5.07582
-5.05357
-5.0305
-5.00693
-4.98316
-4.95944
-4.93605
-4.91321
-4.89115
-4.87009
-4.85021
-4.83169
-4.81471
-4.79942
-4.78596
-4.77449
-4.76509
-4.75799
-4.75251
-3.95108
-3.99845
-4.02466
-4.07934
-4.1279
-4.18761
-4.24871
-4.31141
-4.37411
-4.43582
-4.49578
-4.55338
-4.60812
-4.65962
-4.70753
-4.75157
-4.79151
-4.82713
-4.8583
-4.88493
-4.907
-4.92458
-4.93777
-4.94678
-4.95184
-4.95322
-4.95122
-4.94618
-4.93842
-4.92827
-4.91605
-4.9021
-4.88672
-4.87021
-4.85287
-4.83496
-4.81676
-4.7985
-4.78043
-4.76275
-4.74568
-4.7294
-4.71411
-4.69996
-4.6871
-4.67569
-4.66586
-4.65769
-4.65141
-4.64631
-3.70969
-3.75058
-3.77546
-3.82373
-3.86939
-3.92495
-3.98247
-4.04195
-4.10195
-4.16159
-4.22016
-4.2771
-4.33195
-4.38433
-4.4339
-4.48037
-4.52346
-4.56294
-4.59863
-4.63039
-4.65813
-4.68183
-4.70153
-4.71734
-4.72941
-4.73793
-4.74314
-4.7453
-4.74468
-4.74154
-4.73619
-4.72889
-4.71994
-4.7096
-4.69814
-4.68581
-4.67286
-4.65953
-4.64604
-4.6326
-4.61941
-4.60666
-4.59452
-4.58316
-4.57272
-4.56335
-4.55517
-4.54827
-4.54286
-4.53822
-3.4715
-3.50747
-3.53096
-3.5745
-3.61819
-3.67083
-3.72591
-3.7832
-3.84139
-3.89967
-3.95739
-4.01403
-4.06917
-4.12243
-4.17348
-4.22204
-4.26783
-4.3106
-4.35014
-4.38627
-4.41887
-4.44786
-4.47321
-4.49496
-4.5132
-4.52806
-4.53971
-4.54834
-4.55417
-4.55742
-4.55835
-4.55719
-4.55419
-4.54959
-4.54363
-4.53655
-4.52857
-4.51992
-4.5108
-4.50142
-4.49197
-4.48262
-4.47355
-4.46491
-4.45684
-4.44948
-4.44295
-4.43733
-4.43281
-4.4287
-3.23736
-3.26954
-3.29167
-3.33177
-3.37421
-3.42492
-3.47848
-3.53445
-3.59159
-3.64915
-3.70654
-3.76326
-3.8189
-3.87312
-3.92561
-3.97607
-4.02424
-4.06988
-4.11275
-4.15266
-4.18946
-4.22302
-4.25329
-4.28024
-4.3039
-4.32436
-4.34172
-4.35613
-4.36776
-4.3768
-4.38343
-4.38787
-4.39034
-4.39104
-4.39019
-4.388
-4.38467
-4.38042
-4.37543
-4.3699
-4.36401
-4.35792
-4.35179
-4.34577
-4.34
-4.33461
-4.3297
-4.32534
-4.32174
-4.3182
-3.00792
-3.03718
-3.05805
-3.09575
-3.13752
-3.18712
-3.23993
-3.29528
-3.35203
-3.40946
-3.46697
-3.52412
-3.58051
-3.63582
-3.68974
-3.74201
-3.79236
-3.84055
-3.88635
-3.92956
-3.97001
-4.00756
-4.0421
-4.07359
-4.10201
-4.1274
-4.14982
-4.16937
-4.18618
-4.2004
-4.21218
-4.22171
-4.22915
-4.2347
-4.23854
-4.24087
-4.24186
-4.24171
-4.24059
-4.23867
-4.23613
-4.23312
-4.22979
-4.22628
-4.22272
-4.21922
-4.21588
-4.21277
-4.21007
-4.20715
-2.78369
-2.81072
-2.83051
-2.86665
-2.90828
-2.95748
-3.01017
-3.06554
-3.12246
-3.18024
-3.2383
-3.29621
-3.35358
-3.41012
-3.46552
-3.51954
-3.57192
-3.62242
-3.67084
-3.71696
-3.76061
-3.80163
-3.8399
-3.87535
-3.90793
-3.93764
-3.96451
-3.98861
-4.01002
-4.02886
-4.04526
-4.05935
-4.07129
-4.08124
-4.08936
-4.09582
-4.10077
-4.1044
-4.10686
-4.10831
-4.1089
-4.10878
-4.10808
-4.10694
-4.10547
-4.10377
-4.10194
-4.10004
-4.09823
-4.09592
-2.56518
-2.59053
-2.60949
-2.64481
-2.68678
-2.73618
-2.78933
-2.84526
-2.90285
-2.96141
-3.02038
-3.07933
-3.13791
-3.1958
-3.25273
-3.30846
-3.36275
-3.41538
-3.46615
-3.51485
-3.5613
-3.60535
-3.64688
-3.68577
-3.72197
-3.75545
-3.78622
-3.81431
-3.83977
-3.8627
-3.88319
-3.90135
-3.91732
-3.93122
-3.9432
-3.9534
-3.96197
-3.96905
-3.9748
-3.97934
-3.98282
-3.98538
-3.98713
-3.9882
-3.98869
-3.98869
-3.98829
-3.98754
-3.98658
-3.98489
-2.35295
-2.37712
-2.39556
-2.4307
-2.47346
-2.52362
-2.57774
-2.63469
-2.69337
-2.75309
-2.81327
-2.87351
-2.93345
-2.9928
-3.05129
-3.1087
-3.1648
-3.21938
-3.27226
-3.32324
-3.37215
-3.41884
-3.46317
-3.50505
-3.54438
-3.58113
-3.61527
-3.64683
-3.67583
-3.70234
-3.72642
-3.74819
-3.76772
-3.78514
-3.80057
-3.81413
-3.82595
-3.83615
-3.84487
-3.85223
-3.85836
-3.86336
-3.86737
-3.87048
-3.87278
-3.87436
-3.8753
-3.87563
-3.87547
-3.87438
-2.1477
-2.17114
-2.18944
-2.22499
-2.26898
-2.32039
-2.37591
-2.43428
-2.49441
-2.55557
-2.61722
-2.67892
-2.74034
-2.80121
-2.86126
-2.92028
-2.97807
-3.03443
-3.08919
-3.14217
-3.19321
-3.24217
-3.28891
-3.33333
-3.37534
-3.41488
-3.45192
-3.48646
-3.51852
-3.54812
-3.57534
-3.60024
-3.6229
-3.64341
-3.66189
-3.67842
-3.69313
-3.70612
-3.7175
-3.7274
-3.73591
-3.74314
-3.74919
-3.75416
-3.75812
-3.76115
-3.76331
-3.76463
-3.76521
-3.76468
-1.95038
-1.97352
-1.99211
-2.02861
-2.07421
-2.12729
-2.18458
-2.2447
-2.30653
-2.36935
-2.4326
-2.49587
-2.55882
-2.6212
-2.68276
-2.74329
-2.80262
-2.86057
-2.91698
-2.97168
-3.02454
-3.07541
-3.12418
-3.17074
-3.21499
-3.25688
-3.29637
-3.33343
-3.36808
-3.40033
-3.43022
-3.45782
-3.48318
-3.50637
-3.5275
-3.54663
-3.56388
-3.57932
-3.59307
-3.60521
-3.61584
-3.62505
-3.63293
-3.63957
-3.64502
-3.64935
-3.65262
-3.65484
-3.65609
-3.65607
-1.76218
-1.78547
-1.80482
-1.84275
-1.89029
-1.94538
-2.00469
-2.06675
-2.13044
-2.19501
-2.25992
-2.32476
-2.38922
-2.45304
-2.51599
-2.57789
-2.63857
-2.69788
-2.75567
-2.81181
-2.86616
-2.9186
-2.96903
-3.01733
-3.06342
-3.10724
-3.14874
-3.1879
-3.2247
-3.25915
-3.2913
-3.32117
-3.34881
-3.3743
-3.39769
-3.41906
-3.43849
-3.45607
-3.47186
-3.48596
-3.49845
-3.50941
-3.5189
-3.52701
-3.53378
-3.53926
-3.54351
-3.54652
-3.54836
-3.54878
-1.58469
-1.60859
-1.62919
-1.66893
-1.71863
-1.77589
-1.83732
-1.90139
-1.96694
-2.03324
-2.09974
-2.16606
-2.23189
-2.29699
-2.36115
-2.42421
-2.48601
-2.54642
-2.60531
-2.66258
-2.71809
-2.77176
-2.82347
-2.87313
-2.92067
-2.96601
-3.00911
-3.04994
-3.08848
-3.12474
-3.15872
-3.19047
-3.22001
-3.2474
-3.27269
-3.29594
-3.31723
-3.33661
-3.35415
-3.36993
-3.38402
-3.39647
-3.40736
-3.41673
-3.42464
-3.43112
-3.43621
-3.43991
-3.44224
-3.44303
-1.42007
-1.44519
-1.46741
-1.5091
-1.5609
-1.62025
-1.68369
-1.74962
-1.81687
-1.88471
-1.95261
-2.02019
-2.08716
-2.15329
-2.2184
-2.28233
-2.34497
-2.40618
-2.46586
-2.52393
-2.58027
-2.6348
-2.68743
-2.73808
-2.78668
-2.83316
-2.87747
-2.91958
-2.95947
-2.99713
-3.03257
-3.06581
-3.09687
-3.1258
-3.15265
-3.17744
-3.20025
-3.22113
-3.24013
-3.25732
-3.27274
-3.28645
-3.29851
-3.30896
-3.31782
-3.32514
-3.33094
-3.3352
-3.33794
-3.339
-1.26949
-1.29587
-1.31999
-1.36351
-1.41727
-1.47855
-1.54381
-1.61139
-1.68012
-1.74925
-1.81828
-1.88685
-1.95468
-2.02156
-2.08733
-2.15186
-2.21502
-2.27673
-2.33689
-2.39544
-2.45227
-2.50734
-2.56055
-2.61184
-2.66114
-2.7084
-2.75356
-2.79659
-2.83746
-2.87617
-2.91271
-2.94709
-2.97934
-3.00947
-3.03754
-3.06356
-3.0876
-3.10969
-3.12987
-3.1482
-3.16471
-3.17946
-3.19248
-3.20381
-3.21346
-3.22147
-3.22783
-3.23254
-3.2356
-3.23685
-1.13919
-1.16542
-1.18919
-1.23354
-1.28869
-1.35138
-1.418
-1.4868
-1.55659
-1.62663
-1.69642
-1.76562
-1.83396
-1.90125
-1.96735
-2.03214
-2.09551
-2.1574
-2.21773
-2.27644
-2.33346
-2.38873
-2.44219
-2.4938
-2.54347
-2.59117
-2.63685
-2.68046
-2.72199
-2.76142
-2.79873
-2.83394
-2.86706
-2.8981
-2.9271
-2.95408
-2.97907
-3.0021
-3.02323
-3.04247
-3.05987
-3.07545
-3.08925
-3.10129
-3.11158
-3.12014
-3.12697
-3.13204
-3.13533
-3.13673
-1.03396
-1.0595
-1.08164
-1.12433
-1.17868
-1.24132
-1.30818
-1.37727
-1.44732
-1.51755
-1.58746
-1.6567
-1.72503
-1.79225
-1.85822
-1.92284
-1.98603
-2.04772
-2.10785
-2.16636
-2.22321
-2.27836
-2.33175
-2.38333
-2.43305
-2.48087
-2.52675
-2.57064
-2.61252
-2.65236
-2.69016
-2.72592
-2.75963
-2.79132
-2.82099
-2.84867
-2.87438
-2.89815
-2.92
-2.93996
-2.95805
-2.9743
-2.98873
-3.00134
-3.01215
-3.02116
-3.02836
-3.03373
-3.03722
-3.03873
-0.947129
-0.973007
-0.995526
-1.03592
-1.088
-1.14907
-1.21479
-1.283
-1.35231
-1.42188
-1.49117
-1.5598
-1.6275
-1.69411
-1.75946
-1.82346
-1.88603
-1.94711
-2.00665
-2.06461
-2.12095
-2.17563
-2.22862
-2.27987
-2.32934
-2.37699
-2.42278
-2.46667
-2.50862
-2.54862
-2.58665
-2.6227
-2.65677
-2.68886
-2.71898
-2.74715
-2.77338
-2.79768
-2.82007
-2.84057
-2.8592
-2.87597
-2.89089
-2.90396
-2.91519
-2.92456
-2.93207
-2.93767
-2.94133
-2.94293
-0.876177
-0.902458
-0.925936
-0.964996
-1.01497
-1.07376
-1.13738
-1.20375
-1.27143
-1.33952
-1.40743
-1.47477
-1.54125
-1.60667
-1.67089
-1.73379
-1.79531
-1.85537
-1.91393
-1.97097
-2.02645
-2.08035
-2.13262
-2.18324
-2.23216
-2.27936
-2.32478
-2.36839
-2.41016
-2.45006
-2.48807
-2.52418
-2.55837
-2.59065
-2.62101
-2.64946
-2.676
-2.70066
-2.72342
-2.74431
-2.76332
-2.78047
-2.79576
-2.80918
-2.82073
-2.83039
-2.83813
-2.84393
-2.84772
-2.8494
-0.821245
-0.847641
-0.871789
-0.909423
-0.957257
-1.01359
-1.07476
-1.13875
-1.20415
-1.27009
-1.33597
-1.40138
-1.46603
-1.52971
-1.59227
-1.65359
-1.7136
-1.77224
-1.82946
-1.88522
-1.93951
-1.9923
-2.04355
-2.09324
-2.14134
-2.1878
-2.23259
-2.27567
-2.31701
-2.35657
-2.39432
-2.43026
-2.46436
-2.49661
-2.52701
-2.55556
-2.58224
-2.60708
-2.63005
-2.65117
-2.67043
-2.68784
-2.70338
-2.71705
-2.72882
-2.73869
-2.74661
-2.75254
-2.75644
-2.75819
-0.782352
-0.808537
-0.832919
-0.868757
-0.914071
-0.967553
-1.02581
-1.08693
-1.14952
-1.21274
-1.27602
-1.33894
-1.40122
-1.46265
-1.52307
-1.58236
-1.64045
-1.69727
-1.75278
-1.80693
-1.85971
-1.91109
-1.96104
-2.00954
-2.05655
-2.10203
-2.14595
-2.18827
-2.22894
-2.26795
-2.30524
-2.34081
-2.37462
-2.40666
-2.43692
-2.46538
-2.49204
-2.51689
-2.53993
-2.56114
-2.58052
-2.59806
-2.61375
-2.62756
-2.63948
-2.64948
-2.65752
-2.66356
-2.66753
-2.66932
-0.758822
-0.784431
-0.808588
-0.842272
-0.884626
-0.934753
-0.989583
-1.04728
-1.10653
-1.16652
-1.22667
-1.28661
-1.34604
-1.40477
-1.46262
-1.51949
-1.57528
-1.62993
-1.68339
-1.73563
-1.78661
-1.83631
-1.8847
-1.93176
-1.97745
-2.02173
-2.06456
-2.10591
-2.14573
-2.18398
-2.22062
-2.25563
-2.28898
-2.32064
-2.35059
-2.37881
-2.4053
-2.43003
-2.45299
-2.47417
-2.49356
-2.51112
-2.52686
-2.54073
-2.55272
-2.56278
-2.57089
-2.57698
-2.581
-2.58283
-0.749527
-0.774148
-0.797581
-0.828759
-0.86774
-0.914036
-0.964936
-1.01872
-1.07414
-1.13041
-1.18698
-1.24349
-1.29966
-1.35528
-1.41019
-1.46427
-1.51743
-1.5696
-1.62073
-1.67078
-1.71971
-1.7675
-1.81411
-1.85951
-1.90367
-1.94656
-1.98812
-2.02831
-2.06709
-2.10442
-2.14024
-2.17454
-2.20726
-2.23839
-2.26788
-2.29573
-2.32191
-2.34639
-2.36916
-2.3902
-2.40948
-2.42697
-2.44266
-2.45652
-2.4685
-2.47858
-2.4867
-2.49281
-2.49685
-2.4987
-0.75307
-0.776258
-0.798446
-0.826769
-0.861991
-0.904036
-0.950566
-0.999993
-1.05115
-1.10329
-1.15589
-1.20859
-1.26113
-1.3133
-1.36495
-1.41595
-1.46621
-1.51565
-1.5642
-1.61184
-1.6585
-1.70417
-1.74881
-1.79238
-1.83484
-1.87616
-1.91629
-1.95517
-1.99276
-2.02901
-2.06388
-2.09732
-2.12928
-2.15974
-2.18866
-2.21601
-2.24176
-2.26588
-2.28835
-2.30914
-2.32822
-2.34556
-2.36113
-2.37489
-2.38681
-2.39684
-2.40493
-2.41103
-2.41507
-2.41693
-0.767821
-0.789123
-0.809551
-0.834681
-0.865805
-0.903236
-0.945023
-0.989727
-1.03626
-1.08393
-1.13223
-1.18082
-1.22945
-1.27791
-1.32605
-1.37374
-1.42087
-1.46736
-1.51316
-1.5582
-1.60243
-1.64583
-1.68834
-1.72993
-1.77056
-1.81017
-1.84873
-1.88617
-1.92245
-1.95751
-1.99129
-2.02375
-2.05484
-2.08452
-2.11276
-2.1395
-2.16472
-2.18839
-2.21046
-2.23092
-2.24972
-2.26682
-2.2822
-2.29581
-2.30761
-2.31754
-2.32557
-2.33163
-2.33564
-2.3375
-0.791935
-0.810905
-0.829088
-0.850715
-0.877457
-0.909985
-0.946735
-0.98643
-1.02808
-1.07101
-1.11478
-1.15904
-1.20355
-1.24811
-1.29256
-1.33676
-1.38061
-1.42402
-1.46692
-1.50924
-1.55092
-1.59193
-1.6322
-1.67171
-1.7104
-1.74821
-1.7851
-1.821
-1.85587
-1.88963
-1.92223
-1.95362
-1.98374
-2.01255
-2.04001
-2.06605
-2.09066
-2.11379
-2.13539
-2.15543
-2.17388
-2.19069
-2.20581
-2.21921
-2.23084
-2.24065
-2.24857
-2.25456
-2.25852
-2.26037
-0.823377
-0.839586
-0.855083
-0.872936
-0.895081
-0.922506
-0.95402
-0.988519
-1.0251
-1.06315
-1.10224
-1.14204
-1.18231
-1.22286
-1.26352
-1.30415
-1.34464
-1.38489
-1.42481
-1.46433
-1.50339
-1.54194
-1.57992
-1.61727
-1.65395
-1.68989
-1.72504
-1.75933
-1.79271
-1.8251
-1.85645
-1.88669
-1.91578
-1.94364
-1.97024
-1.99552
-2.01944
-2.04196
-2.06302
-2.08259
-2.10062
-2.11707
-2.1319
-2.14504
-2.15646
-2.16609
-2.17389
-2.17978
-2.18369
-2.18552
-0.85993
-0.872983
-0.885408
-0.899274
-0.916691
-0.938914
-0.965106
-0.994333
-1.02579
-1.05891
-1.09328
-1.1286
-1.16461
-1.20113
-1.23799
-1.27503
-1.31214
-1.34921
-1.38614
-1.42285
-1.45928
-1.49534
-1.53099
-1.56616
-1.6008
-1.63483
-1.6682
-1.70085
-1.73269
-1.76366
-1.7937
-1.82275
-1.85073
-1.87759
-1.90328
-1.92774
-1.95092
-1.97277
-1.99324
-2.01228
-2.02985
-2.0459
-2.06038
-2.07323
-2.0844
-2.09383
-2.10147
-2.10725
-2.11109
-2.11289
-0.899212
-0.908755
-0.917797
-0.927535
-0.940195
-0.957239
-0.97815
-1.00216
-1.02857
-1.05684
-1.08657
-1.11748
-1.14933
-1.1819
-1.21502
-1.24854
-1.28233
-1.31627
-1.35026
-1.3842
-1.41801
-1.45162
-1.48495
-1.51795
-1.55055
-1.58267
-1.61425
-1.64522
-1.67551
-1.70504
-1.73375
-1.76156
-1.7884
-1.81423
-1.83896
-1.86255
-1.88495
-1.90609
-1.92592
-1.9444
-1.96147
-1.97708
-1.99117
-2.0037
-2.01459
-2.0238
-2.03126
-2.03691
-2.04066
-2.04243
-0.938661
-0.944397
-0.949836
-0.95541
-0.963417
-0.975453
-0.991279
-1.01029
-1.03185
-1.05548
-1.0808
-1.10751
-1.13536
-1.16416
-1.19371
-1.22386
-1.25446
-1.28539
-1.31654
-1.34779
-1.37906
-1.41028
-1.44136
-1.47223
-1.50282
-1.53305
-1.56286
-1.59217
-1.6209
-1.64899
-1.67634
-1.7029
-1.7286
-1.75335
-1.77711
-1.79981
-1.82139
-1.84179
-1.86096
-1.87884
-1.89538
-1.91052
-1.9242
-1.93637
-1.94697
-1.95593
-1.9632
-1.9687
-1.97236
-1.97409
-0.975511
-0.977222
-0.978968
-0.980494
-0.984126
-0.991507
-1.00263
-1.01701
-1.03411
-1.05347
-1.07471
-1.09754
-1.12171
-1.147
-1.17323
-1.20023
-1.22785
-1.25594
-1.28439
-1.3131
-1.34196
-1.37088
-1.39979
-1.4286
-1.45725
-1.48564
-1.51372
-1.5414
-1.5686
-1.59525
-1.62126
-1.64658
-1.67111
-1.6948
-1.71756
-1.73935
-1.7601
-1.77975
-1.79823
-1.81549
-1.83147
-1.84612
-1.85937
-1.87117
-1.88145
-1.89016
-1.89722
-1.90257
-1.90612
-1.90781
-1.00676
-1.00433
-1.00249
-1.00033
-1.00011
-1.00342
-1.01041
-1.02075
-1.03393
-1.04953
-1.06718
-1.08657
-1.10746
-1.12962
-1.15285
-1.17699
-1.20187
-1.22736
-1.25332
-1.27966
-1.30625
-1.33302
-1.35987
-1.38673
-1.41351
-1.44014
-1.46655
-1.49264
-1.51835
-1.5436
-1.5683
-1.59238
-1.61576
-1.63838
-1.66016
-1.68104
-1.70095
-1.71982
-1.73761
-1.75424
-1.76965
-1.7838
-1.7966
-1.80801
-1.81797
-1.8264
-1.83324
-1.83843
-1.84188
-1.84352
-1.02903
-1.02247
-1.01756
-1.01252
-1.00937
-1.00941
-1.01304
-1.02006
-1.03004
-1.04255
-1.05722
-1.07374
-1.09185
-1.11131
-1.13194
-1.15356
-1.17602
-1.19917
-1.22288
-1.24705
-1.27157
-1.29634
-1.32128
-1.3463
-1.37133
-1.39628
-1.42109
-1.44567
-1.46994
-1.49383
-1.51725
-1.54012
-1.56238
-1.58395
-1.60475
-1.62472
-1.64379
-1.6619
-1.67898
-1.69498
-1.70982
-1.72345
-1.7358
-1.74682
-1.75644
-1.76459
-1.77121
-1.77623
-1.77958
-1.78116
-1.03883
-1.02876
-1.02185
-1.01504
-1.01004
-1.00801
-1.00945
-1.01422
-1.02193
-1.03215
-1.04454
-1.05878
-1.07462
-1.09185
-1.11028
-1.12973
-1.15007
-1.17115
-1.19285
-1.21506
-1.23768
-1.26061
-1.28378
-1.30709
-1.33048
-1.35386
-1.37715
-1.40029
-1.42318
-1.44576
-1.46795
-1.48966
-1.51082
-1.53135
-1.5512
-1.57027
-1.58852
-1.60587
-1.62225
-1.63761
-1.65188
-1.66499
-1.67689
-1.68751
-1.69679
-1.70465
-1.71105
-1.7159
-1.71913
-1.72066
-1.02237
-1.01385
-1.00869
-1.00293
-0.998434
-0.996489
-0.997596
-1.00164
-1.00831
-1.01726
-1.02819
-1.04085
-1.05502
-1.07053
-1.0872
-1.10488
-1.12343
-1.14275
-1.1627
-1.18318
-1.20411
-1.2254
-1.24696
-1.26872
-1.2906
-1.31252
-1.33441
-1.35619
-1.3778
-1.39914
-1.42015
-1.44075
-1.46086
-1.48041
-1.49932
-1.51754
-1.53498
-1.55158
-1.56728
-1.58202
-1.59572
-1.60832
-1.61977
-1.62999
-1.63893
-1.64652
-1.65268
-1.65737
-1.66049
-1.66197
-0.979657
-0.977345
-0.977033
-0.975053
-0.973572
-0.973802
-0.976314
-0.981111
-0.987994
-0.996733
-1.00712
-1.01898
-1.03216
-1.04652
-1.06193
-1.07828
-1.09545
-1.11333
-1.13185
-1.15089
-1.17038
-1.19024
-1.2104
-1.23078
-1.2513
-1.27191
-1.29253
-1.31308
-1.3335
-1.3537
-1.37362
-1.39318
-1.41231
-1.43092
-1.44896
-1.46635
-1.48303
-1.49892
-1.51396
-1.52809
-1.54124
-1.55335
-1.56435
-1.57419
-1.58279
-1.5901
-1.59604
-1.60056
-1.60357
-1.605
-0.941041
-0.941638
-0.943503
-0.944028
-0.944947
-0.947126
-0.951081
-0.956843
-0.964266
-0.973176
-0.983421
-0.994877
-1.00744
-1.021
-1.03548
-1.05079
-1.06685
-1.08356
-1.10086
-1.11866
-1.1369
-1.1555
-1.1744
-1.19354
-1.21284
-1.23224
-1.25168
-1.27109
-1.2904
-1.30953
-1.32842
-1.347
-1.36519
-1.38291
-1.40011
-1.41671
-1.43264
-1.44784
-1.46224
-1.47578
-1.48839
-1.50001
-1.51059
-1.52004
-1.52832
-1.53535
-1.54107
-1.54542
-1.54832
-1.5497
-0.909657
-0.911146
-0.913335
-0.91483
-0.916861
-0.920047
-0.924822
-0.931181
-0.93897
-0.948016
-0.958181
-0.969358
-0.981463
-0.994424
-1.00817
-1.02265
-1.03778
-1.05351
-1.06977
-1.0865
-1.10364
-1.12113
-1.13891
-1.15693
-1.17512
-1.19342
-1.21178
-1.23013
-1.2484
-1.26654
-1.28446
-1.30211
-1.31941
-1.33628
-1.35268
-1.36851
-1.38373
-1.39826
-1.41204
-1.42501
-1.4371
-1.44825
-1.45839
-1.46747
-1.47542
-1.48218
-1.48769
-1.49187
-1.49467
-1.496
-0.880925
-0.882748
-0.884891
-0.886827
-0.889364
-0.893021
-0.898181
-0.904821
-0.912768
-0.921841
-0.931895
-0.942824
-0.954551
-0.967015
-0.980162
-0.99394
-1.0083
-1.02319
-1.03856
-1.05436
-1.07054
-1.08705
-1.10383
-1.12084
-1.13802
-1.15533
-1.1727
-1.19007
-1.20739
-1.2246
-1.24162
-1.2584
-1.27485
-1.29093
-1.30656
-1.32167
-1.33621
-1.3501
-1.36328
-1.37569
-1.38728
-1.39797
-1.4077
-1.41642
-1.42405
-1.43055
-1.43584
-1.43986
-1.44255
-1.44383
-0.852855
-0.854837
-0.856933
-0.859157
-0.861987
-0.865902
-0.871249
-0.878
-0.885978
-0.894996
-0.904901
-0.915585
-0.926971
-0.939001
-0.951628
-0.96481
-0.978505
-0.992671
-1.00727
-1.02225
-1.03759
-1.05322
-1.06911
-1.08522
-1.1015
-1.11789
-1.13436
-1.15084
-1.16728
-1.18363
-1.19981
-1.21577
-1.23144
-1.24676
-1.26167
-1.2761
-1.28998
-1.30326
-1.31587
-1.32776
-1.33886
-1.3491
-1.35844
-1.3668
-1.37413
-1.38037
-1.38545
-1.38932
-1.3919
-1.39314
-0.825307
-0.827338
-0.829368
-0.83175
-0.83473
-0.838768
-0.844176
-0.850926
-0.858846
-0.867745
-0.877465
-0.887895
-0.898954
-0.910587
-0.922748
-0.935401
-0.948508
-0.962037
-0.975951
-0.990216
-1.00479
-1.01965
-1.03475
-1.05004
-1.0655
-1.08107
-1.09671
-1.11237
-1.12801
-1.14355
-1.15896
-1.17416
-1.1891
-1.20371
-1.21794
-1.23171
-1.24498
-1.25768
-1.26975
-1.28113
-1.29176
-1.30159
-1.31054
-1.31856
-1.3256
-1.33159
-1.33647
-1.34019
-1.34267
-1.34386
-0.798315
-0.800324
-0.802262
-0.804688
-0.807701
-0.811749
-0.817113
-0.823772
-0.831558
-0.84028
-0.849779
-0.859937
-0.870672
-0.881927
-0.893657
-0.905828
-0.918406
-0.931361
-0.944664
-0.958283
-0.972188
-0.986345
-1.00072
-1.01529
-1.03
-1.04482
-1.05971
-1.07462
-1.08951
-1.10432
-1.119
-1.1335
-1.14775
-1.1617
-1.17529
-1.18846
-1.20115
-1.2133
-1.22485
-1.23575
-1.24594
-1.25535
-1.26394
-1.27164
-1.27839
-1.28415
-1.28883
-1.2924
-1.29479
-1.29593
-0.771771
-0.773712
-0.775546
-0.777942
-0.780911
-0.784889
-0.790134
-0.796632
-0.804225
-0.812725
-0.821969
-0.831838
-0.842247
-0.853134
-0.864457
-0.876179
-0.888271
-0.900705
-0.913454
-0.926489
-0.939785
-0.953311
-0.967038
-0.980936
-0.994971
-1.00911
-1.02331
-1.03754
-1.05174
-1.06587
-1.07989
-1.09373
-1.10735
-1.12068
-1.13367
-1.14627
-1.15841
-1.17004
-1.18111
-1.19155
-1.20132
-1.21035
-1.21859
-1.22598
-1.23246
-1.23798
-1.24249
-1.24592
-1.24821
-1.24931
-0.745546
-0.747392
-0.749121
-0.751443
-0.75432
-0.758178
-0.763255
-0.769546
-0.776905
-0.785149
-0.794115
-0.803682
-0.81376
-0.824288
-0.83522
-0.846522
-0.858162
-0.870116
-0.882357
-0.894861
-0.907602
-0.920555
-0.933692
-0.946986
-0.960406
-0.97392
-0.987493
-1.00109
-1.01466
-1.02817
-1.04157
-1.05481
-1.06783
-1.08059
-1.09302
-1.10508
-1.11671
-1.12786
-1.13847
-1.14848
-1.15785
-1.16651
-1.17442
-1.18151
-1.18774
-1.19304
-1.19737
-1.20067
-1.20287
-1.20393
-0.719541
-0.721288
-0.722912
-0.72513
-0.727886
-0.731592
-0.736469
-0.742525
-0.749624
-0.75759
-0.766263
-0.775519
-0.785267
-0.795444
-0.806001
-0.816904
-0.828122
-0.839631
-0.851405
-0.863422
-0.875656
-0.888086
-0.900685
-0.913427
-0.926286
-0.939231
-0.952229
-0.965246
-0.978243
-0.991179
-1.00401
-1.01669
-1.02916
-1.04138
-1.0533
-1.06486
-1.07601
-1.0867
-1.09688
-1.10649
-1.11548
-1.12379
-1.13139
-1.1382
-1.14418
-1.14928
-1.15344
-1.15661
-1.15873
-1.15975
-0.693698
-0.69535
-0.696864
-0.698957
-0.701573
-0.705105
-0.709763
-0.715566
-0.72239
-0.730066
-0.738437
-0.74738
-0.756801
-0.766635
-0.776833
-0.787358
-0.798181
-0.809276
-0.820619
-0.832187
-0.843958
-0.855908
-0.868016
-0.880256
-0.892602
-0.905026
-0.917499
-0.929987
-0.942455
-0.954862
-0.967168
-0.979327
-0.991293
-1.00302
-1.01445
-1.02555
-1.03625
-1.04651
-1.05629
-1.06552
-1.07415
-1.08214
-1.08944
-1.09599
-1.10174
-1.10664
-1.11064
-1.11369
-1.11573
-1.11671
-0.667984
-0.669529
-0.670924
-0.672879
-0.67534
-0.678685
-0.683113
-0.688653
-0.695195
-0.702577
-0.710646
-0.719278
-0.728379
-0.737882
-0.747737
-0.757906
-0.768359
-0.779069
-0.790013
-0.801169
-0.812514
-0.824027
-0.835685
-0.847466
-0.859344
-0.871294
-0.883286
-0.89529
-0.907271
-0.919193
-0.931017
-0.942699
-0.954196
-0.965462
-0.976449
-0.98711
-0.997397
-1.00726
-1.01665
-1.02553
-1.03383
-1.04152
-1.04853
-1.05483
-1.06037
-1.06508
-1.06893
-1.07187
-1.07383
-1.07478
-0.642353
-0.643768
-0.645039
-0.646847
-0.649145
-0.652295
-0.656489
-0.661765
-0.668024
-0.675114
-0.682885
-0.691214
-0.700007
-0.709194
-0.718725
-0.728559
-0.738667
-0.749021
-0.759597
-0.770374
-0.78133
-0.792443
-0.803692
-0.815054
-0.826505
-0.838021
-0.849574
-0.861135
-0.872672
-0.884149
-0.89553
-0.906773
-0.917837
-0.928678
-0.939251
-0.94951
-0.959409
-0.968902
-0.977942
-0.986481
-0.994474
-1.00187
-1.00863
-1.01469
-1.02002
-1.02456
-1.02827
-1.03109
-1.03299
-1.0339
-0.616731
-0.618005
-0.619152
-0.620807
-0.622938
-0.625891
-0.629854
-0.634871
-0.640854
-0.64766
-0.655143
-0.663182
-0.671682
-0.680572
-0.689799
-0.699323
-0.709111
-0.719138
-0.729378
-0.739809
-0.750409
-0.761158
-0.772034
-0.783015
-0.794078
-0.805199
-0.816352
-0.827509
-0.838639
-0.849709
-0.860683
-0.871523
-0.882188
-0.892637
-0.902827
-0.912713
-0.922253
-0.9314
-0.940111
-0.948339
-0.956041
-0.963169
-0.969679
-0.975523
-0.980657
-0.985034
-0.988607
-0.991332
-0.993158
-0.994039
-0.591043
-0.592177
-0.593199
-0.5947
-0.596665
-0.599426
-0.603165
-0.607933
-0.613653
-0.62019
-0.627402
-0.635169
-0.643396
-0.65201
-0.660957
-0.670196
-0.679694
-0.689422
-0.699356
-0.709473
-0.719752
-0.730171
-0.740709
-0.751345
-0.762056
-0.772819
-0.783609
-0.794398
-0.805157
-0.815855
-0.826457
-0.836927
-0.847225
-0.857313
-0.867149
-0.876692
-0.885898
-0.894724
-0.903129
-0.911067
-0.918497
-0.925373
-0.931653
-0.937291
-0.942244
-0.946466
-0.949914
-0.952543
-0.954305
-0.955158
-0.565225
-0.566217
-0.567114
-0.568463
-0.570268
-0.572847
-0.576376
-0.580913
-0.586389
-0.592677
-0.59964
-0.607159
-0.615137
-0.623501
-0.632196
-0.641179
-0.650415
-0.659875
-0.669534
-0.67937
-0.68936
-0.699482
-0.709717
-0.720042
-0.730436
-0.740875
-0.751335
-0.761791
-0.772214
-0.782572
-0.792835
-0.802966
-0.812928
-0.822684
-0.832195
-0.841419
-0.850316
-0.858845
-0.866965
-0.874634
-0.88181
-0.888452
-0.894516
-0.899961
-0.904743
-0.908821
-0.912151
-0.914691
-0.916393
-0.917218
-0.539206
-0.540054
-0.540826
-0.542029
-0.543685
-0.546097
-0.549438
-0.553767
-0.559025
-0.565091
-0.571834
-0.579133
-0.586892
-0.595037
-0.60351
-0.612266
-0.621272
-0.630496
-0.639913
-0.649499
-0.659233
-0.669092
-0.679056
-0.689103
-0.699213
-0.709361
-0.719526
-0.72968
-0.739797
-0.749848
-0.759801
-0.769623
-0.779278
-0.78873
-0.79794
-0.806871
-0.815483
-0.823737
-0.831592
-0.83901
-0.845951
-0.852373
-0.858236
-0.8635
-0.868123
-0.872065
-0.875284
-0.87774
-0.879387
-0.880187
-0.512901
-0.513604
-0.514257
-0.515326
-0.516851
-0.51912
-0.522299
-0.526452
-0.531525
-0.537405
-0.543962
-0.551076
-0.55865
-0.566609
-0.574894
-0.583458
-0.592266
-0.601287
-0.610494
-0.619863
-0.629373
-0.639001
-0.648727
-0.658529
-0.668386
-0.678275
-0.688174
-0.698058
-0.7079
-0.717673
-0.727345
-0.736885
-0.746259
-0.755432
-0.764367
-0.773028
-0.781376
-0.789375
-0.796986
-0.80417
-0.810891
-0.817108
-0.822783
-0.827878
-0.832352
-0.836167
-0.839283
-0.841661
-0.843256
-0.844032
-0.486211
-0.486772
-0.487317
-0.488268
-0.489684
-0.491837
-0.494888
-0.498904
-0.503837
-0.509574
-0.515988
-0.522959
-0.530389
-0.538201
-0.546334
-0.554741
-0.563386
-0.572237
-0.581268
-0.590454
-0.599772
-0.609202
-0.618721
-0.628309
-0.637944
-0.647605
-0.657269
-0.666911
-0.676508
-0.68603
-0.695449
-0.704734
-0.713852
-0.722771
-0.731454
-0.739866
-0.747972
-0.755735
-0.763119
-0.770087
-0.776603
-0.782629
-0.788129
-0.793066
-0.797401
-0.801097
-0.804116
-0.806421
-0.807968
-0.808724
-0.458815
-0.459312
-0.459832
-0.460741
-0.462116
-0.464215
-0.467197
-0.471129
-0.475967
-0.481604
-0.487914
-0.494779
-0.5021
-0.509799
-0.517814
-0.526098
-0.534614
-0.543329
-0.552217
-0.561252
-0.570412
-0.579674
-0.589019
-0.598424
-0.607868
-0.617331
-0.626788
-0.636218
-0.645596
-0.654894
-0.664085
-0.67314
-0.682026
-0.690712
-0.699165
-0.70735
-0.715232
-0.722778
-0.729952
-0.73672
-0.743046
-0.748896
-0.754234
-0.759024
-0.763231
-0.766817
-0.769748
-0.771987
-0.773493
-0.774235
-0.430407
-0.430961
-0.431578
-0.432569
-0.434021
-0.43617
-0.439165
-0.443075
-0.447865
-0.453437
-0.459672
-0.466457
-0.473695
-0.481309
-0.489236
-0.497428
-0.505847
-0.51446
-0.523239
-0.532158
-0.541194
-0.550325
-0.559529
-0.568784
-0.578071
-0.587366
-0.596649
-0.605896
-0.615083
-0.624185
-0.633174
-0.642023
-0.650701
-0.659178
-0.667422
-0.6754
-0.68308
-0.690428
-0.697411
-0.703997
-0.710152
-0.715842
-0.721034
-0.725693
-0.729786
-0.733277
-0.736133
-0.738319
-0.739794
-0.740537
-0.401128
-0.401756
-0.402485
-0.403599
-0.405182
-0.407438
-0.410507
-0.414452
-0.419246
-0.4248
-0.431005
-0.437753
-0.44495
-0.45252
-0.4604
-0.468541
-0.476905
-0.485456
-0.494166
-0.50301
-0.511961
-0.520999
-0.5301
-0.539244
-0.548408
-0.557572
-0.566714
-0.575811
-0.584841
-0.593777
-0.602595
-0.611268
-0.619766
-0.628062
-0.636123
-0.643921
-0.651423
-0.658598
-0.665415
-0.671842
-0.677847
-0.683399
-0.688465
-0.693014
-0.697012
-0.700427
-0.703226
-0.705375
-0.706837
-0.707601
-0.371025
-0.371722
-0.372542
-0.373771
-0.375485
-0.377867
-0.381043
-0.385072
-0.389929
-0.39553
-0.40177
-0.408545
-0.415762
-0.423346
-0.431235
-0.439379
-0.447737
-0.456275
-0.464963
-0.473774
-0.482684
-0.491669
-0.500707
-0.509776
-0.518855
-0.527923
-0.536958
-0.545939
-0.554843
-0.563645
-0.572323
-0.580849
-0.589197
-0.597338
-0.605245
-0.612888
-0.620238
-0.627264
-0.633938
-0.640228
-0.646107
-0.651542
-0.656503
-0.660961
-0.664884
-0.668241
-0.671
-0.673131
-0.674595
-0.675397
-0.340139
-0.340918
-0.341833
-0.343187
-0.345049
-0.347583
-0.350902
-0.35506
-0.360033
-0.365738
-0.372074
-0.378937
-0.386235
-0.393892
-0.401846
-0.410045
-0.418449
-0.427022
-0.435733
-0.444556
-0.453465
-0.462436
-0.471448
-0.480478
-0.489505
-0.498508
-0.507467
-0.516361
-0.525166
-0.533862
-0.542424
-0.550828
-0.559049
-0.56706
-0.574834
-0.582343
-0.589561
-0.596458
-0.603007
-0.60918
-0.614948
-0.620283
-0.625156
-0.629539
-0.633401
-0.636714
-0.639447
-0.641571
-0.643048
-0.643901
-0.308575
-0.309455
-0.310483
-0.311988
-0.314028
-0.316749
-0.320252
-0.324587
-0.329725
-0.335588
-0.342075
-0.34908
-0.356514
-0.364298
-0.372369
-0.380674
-0.389172
-0.397825
-0.406603
-0.415478
-0.424424
-0.433418
-0.442436
-0.451458
-0.460463
-0.46943
-0.478338
-0.487168
-0.495899
-0.504509
-0.512977
-0.521278
-0.52939
-0.537287
-0.544945
-0.552336
-0.559437
-0.566219
-0.572657
-0.578725
-0.584395
-0.589642
-0.594437
-0.598754
-0.602566
-0.605843
-0.608558
-0.610683
-0.61218
-0.613091
-0.276456
-0.277455
-0.278615
-0.280301
-0.282553
-0.2855
-0.289232
-0.29379
-0.299145
-0.305219
-0.311909
-0.319112
-0.326734
-0.334696
-0.342934
-0.351393
-0.360029
-0.368806
-0.377691
-0.386655
-0.395673
-0.404721
-0.413777
-0.422818
-0.431825
-0.440778
-0.449658
-0.458444
-0.467118
-0.475659
-0.484047
-0.49226
-0.500277
-0.508072
-0.515625
-0.52291
-0.529903
-0.536579
-0.542915
-0.548886
-0.554466
-0.559631
-0.564355
-0.568613
-0.572378
-0.575625
-0.578326
-0.580456
-0.581975
-0.582946
-0.243899
-0.245036
-0.246351
-0.248249
-0.250749
-0.253964
-0.257971
-0.262803
-0.268428
-0.274766
-0.281714
-0.289166
-0.297029
-0.30522
-0.313672
-0.32233
-0.331149
-0.340089
-0.349117
-0.358204
-0.367325
-0.376455
-0.385573
-0.394656
-0.403686
-0.412643
-0.42151
-0.430267
-0.438897
-0.44738
-0.455699
-0.463833
-0.471761
-0.479463
-0.486917
-0.494101
-0.500991
-0.507567
-0.513805
-0.519682
-0.525175
-0.53026
-0.534916
-0.539116
-0.542837
-0.546055
-0.548742
-0.550877
-0.552416
-0.553447
-0.211023
-0.212321
-0.213814
-0.21596
-0.218748
-0.222277
-0.226609
-0.231768
-0.237718
-0.244375
-0.251635
-0.259391
-0.267545
-0.276014
-0.284726
-0.293626
-0.302665
-0.311804
-0.321008
-0.330248
-0.339497
-0.348732
-0.357931
-0.367073
-0.37614
-0.385114
-0.393978
-0.402715
-0.411307
-0.419739
-0.427993
-0.436051
-0.443895
-0.451505
-0.458862
-0.465945
-0.472734
-0.479209
-0.485348
-0.49113
-0.496535
-0.501541
-0.506125
-0.510266
-0.513941
-0.517126
-0.519797
-0.521932
-0.523489
-0.524573
-0.177956
-0.179435
-0.181138
-0.18357
-0.186692
-0.190584
-0.195295
-0.200838
-0.207169
-0.214203
-0.221831
-0.229943
-0.238438
-0.24723
-0.256246
-0.265427
-0.274722
-0.28409
-0.293497
-0.302913
-0.31231
-0.321666
-0.33096
-0.340172
-0.349285
-0.358281
-0.367146
-0.375865
-0.384421
-0.392801
-0.40099
-0.40897
-0.416726
-0.424241
-0.431497
-0.438476
-0.445159
-0.451528
-0.457564
-0.463247
-0.468559
-0.473479
-0.477987
-0.482063
-0.485685
-0.488832
-0.49148
-0.49361
-0.495176
-0.496306
-0.144825
-0.146513
-0.148459
-0.151224
-0.154731
-0.159043
-0.164191
-0.170177
-0.17695
-0.184418
-0.192469
-0.200989
-0.209873
-0.219033
-0.228391
-0.237886
-0.247466
-0.257089
-0.26672
-0.276328
-0.285886
-0.295373
-0.304768
-0.314053
-0.323213
-0.332231
-0.341095
-0.349791
-0.358306
-0.366628
-0.374744
-0.382639
-0.3903
-0.397711
-0.404858
-0.411723
-0.418292
-0.424547
-0.43047
-0.436046
-0.441255
-0.446081
-0.450504
-0.454506
-0.458066
-0.461166
-0.463782
-0.465897
-0.467464
-0.468626
-0.111772
-0.113698
-0.115928
-0.119079
-0.123027
-0.12782
-0.133469
-0.139962
-0.147238
-0.155199
-0.163728
-0.172706
-0.182025
-0.191591
-0.201325
-0.211163
-0.221052
-0.230948
-0.240815
-0.250624
-0.260349
-0.269968
-0.279463
-0.288817
-0.298016
-0.307048
-0.315901
-0.324564
-0.333026
-0.341278
-0.349308
-0.357105
-0.364657
-0.371951
-0.378976
-0.385715
-0.392156
-0.398283
-0.404082
-0.409537
-0.414632
-0.419351
-0.423677
-0.427593
-0.43108
-0.43412
-0.436692
-0.43878
-0.440335
-0.441515
-0.0789434
-0.0811445
-0.0837078
-0.0873051
-0.0917608
-0.0971021
-0.103319
-0.110385
-0.118228
-0.126741
-0.135801
-0.145284
-0.155077
-0.165083
-0.175221
-0.185423
-0.195635
-0.205814
-0.215923
-0.225933
-0.235819
-0.245563
-0.255147
-0.264558
-0.273783
-0.282813
-0.291637
-0.300249
-0.30864
-0.316803
-0.324729
-0.332409
-0.339834
-0.346994
-0.353878
-0.360474
-0.36677
-0.372754
-0.378411
-0.383729
-0.388694
-0.393291
-0.397505
-0.401319
-0.404718
-0.407685
-0.410198
-0.412245
-0.413775
-0.414954
-0.0465035
-0.0490245
-0.0519798
-0.0560943
-0.0611297
-0.0670925
-0.0739494
-0.0816556
-0.090127
-0.0992483
-0.108889
-0.118919
-0.129221
-0.139695
-0.150255
-0.160833
-0.171374
-0.181835
-0.192179
-0.20238
-0.212415
-0.222267
-0.231921
-0.241366
-0.250594
-0.259597
-0.26837
-0.276906
-0.285201
-0.29325
-0.301048
-0.308588
-0.315863
-0.322866
-0.329588
-0.336019
-0.34215
-0.347969
-0.353466
-0.358629
-0.363444
-0.367901
-0.371984
-0.375681
-0.378974
-0.38185
-0.384288
-0.386277
-0.387765
-0.388924
-0.0146341
-0.0175331
-0.0209505
-0.0256623
-0.0313563
-0.0380169
-0.0455851
-0.0539981
-0.0631581
-0.0729396
-0.0832042
-0.0938165
-0.104654
-0.115612
-0.126603
-0.137559
-0.148424
-0.159154
-0.169717
-0.180088
-0.190246
-0.200178
-0.209873
-0.219323
-0.228522
-0.237467
-0.246156
-0.254585
-0.262754
-0.270659
-0.2783
-0.285671
-0.292769
-0.299588
-0.306123
-0.312365
-0.318306
-0.323938
-0.329252
-0.334237
-0.338883
-0.343178
-0.347111
-0.350669
-0.353838
-0.356604
-0.358948
-0.360861
-0.362291
-0.363406
0.0164529
0.0131012
0.00914082
0.00374492
-0.00268818
-0.0101215
-0.0184693
-0.0276501
-0.0375518
-0.0480382
-0.0589626
-0.0701826
-0.081571
-0.0930195
-0.10444
-0.115762
-0.126931
-0.137907
-0.14866
-0.159166
-0.169412
-0.179386
-0.189082
-0.198497
-0.207628
-0.216476
-0.225043
-0.233328
-0.241334
-0.249061
-0.256511
-0.263681
-0.270571
-0.277177
-0.283496
-0.289521
-0.295246
-0.300666
-0.305771
-0.310554
-0.315006
-0.319118
-0.322878
-0.326276
-0.329299
-0.331934
-0.334164
-0.335982
-0.337334
-0.338381
0.0465023
0.0426016
0.0380119
0.0318469
0.0246013
0.0163297
0.00714432
-0.00285543
-0.0135424
-0.024769
-0.0363788
-0.048222
-0.0601658
-0.0720986
-0.0839311
-0.095594
-0.107036
-0.118219
-0.129117
-0.139714
-0.149999
-0.159967
-0.169616
-0.178947
-0.187963
-0.196669
-0.205068
-0.213167
-0.22097
-0.22848
-0.235702
-0.242636
-0.249284
-0.255644
-0.261715
-0.267493
-0.272974
-0.278153
-0.283023
-0.287578
-0.291811
-0.295713
-0.299276
-0.30249
-0.305344
-0.307826
-0.309921
-0.311621
-0.312876
-0.31383
0.0751894
0.0706274
0.0653407
0.0583458
0.0502391
0.0410855
0.0310228
0.0201678
0.00866339
-0.00332899
-0.0156409
-0.0281127
-0.040605
-0.0530029
-0.065217
-0.0771807
-0.0888468
-0.100184
-0.111172
-0.1218
-0.132066
-0.141968
-0.151513
-0.160705
-0.169552
-0.178064
-0.186248
-0.194114
-0.20167
-0.208921
-0.215875
-0.222536
-0.228906
-0.234987
-0.240778
-0.246278
-0.251484
-0.256392
-0.260999
-0.265298
-0.269285
-0.272952
-0.276292
-0.279297
-0.281957
-0.284263
-0.2862
-0.287761
-0.288898
-0.289733
0.102044
0.0967495
0.0907647
0.0829285
0.0739482
0.0638965
0.0529383
0.0412069
0.0288633
0.0160871
0.00306421
-0.0100319
-0.0230528
-0.0358809
-0.0484285
-0.0606347
-0.0724597
-0.0838806
-0.0948865
-0.105475
-0.11565
-0.12542
-0.134793
-0.143784
-0.152403
-0.160664
-0.168581
-0.176164
-0.183425
-0.190374
-0.197019
-0.203367
-0.209422
-0.215188
-0.220666
-0.225856
-0.230757
-0.235366
-0.23968
-0.243695
-0.247408
-0.250813
-0.253904
-0.256674
-0.259117
-0.261222
-0.262977
-0.264378
-0.265378
-0.266075
0.12629
0.120826
0.114366
0.10585
0.0961062
0.0852322
0.0734174
0.0608084
0.0475905
0.0339771
0.0201897
0.00643099
-0.00713389
-0.0203826
-0.0332324
-0.0456327
-0.0575568
-0.0689951
-0.079949
-0.0904275
-0.100444
-0.110014
-0.119156
-0.127887
-0.136226
-0.144189
-0.151793
-0.159053
-0.165985
-0.172599
-0.178906
-0.184916
-0.190634
-0.196064
-0.20121
-0.206071
-0.210649
-0.214941
-0.218945
-0.22266
-0.226082
-0.229207
-0.232032
-0.234551
-0.236758
-0.238646
-0.240205
-0.241431
-0.242282
-0.242828
0.155744
0.148752
0.139509
0.128333
0.11602
0.102899
0.0892558
0.0752606
0.0610748
0.0468521
0.0327354
0.0188485
0.00529056
-0.00786467
-0.0205665
-0.0327835
-0.0444997
-0.0557106
-0.0664204
-0.0766387
-0.0863796
-0.0956592
-0.104495
-0.112906
-0.120911
-0.128526
-0.135771
-0.142661
-0.149212
-0.155438
-0.161351
-0.166962
-0.17228
-0.177312
-0.182063
-0.186539
-0.190741
-0.194671
-0.19833
-0.201717
-0.204832
-0.207672
-0.210234
-0.212516
-0.214511
-0.216214
-0.217617
-0.218717
-0.219482
-0.219983
0.191943
0.180001
0.166039
0.15064
0.134736
0.118667
0.102725
0.0870794
0.0718425
0.0570777
0.042815
0.0290642
0.0158264
0.00310055
-0.00911443
-0.0208199
-0.0320187
-0.0427166
-0.0529221
-0.0626469
-0.071905
-0.0807123
-0.089086
-0.0970437
-0.104603
-0.111783
-0.118599
-0.125068
-0.131205
-0.137025
-0.142541
-0.147763
-0.152703
-0.157369
-0.161769
-0.165909
-0.169795
-0.17343
-0.176818
-0.179958
-0.182853
-0.185501
-0.1879
-0.190048
-0.191939
-0.193571
-0.194935
-0.196031
-0.196838
-0.197457
0.21479
0.199712
0.183835
0.166923
0.149964
0.133111
0.116537
0.10036
0.0846696
0.0695289
0.0549845
0.0410646
0.0277812
0.0151335
0.00311112
-0.00830237
-0.0191279
-0.0293894
-0.0391123
-0.0483232
-0.0570486
-0.065315
-0.073148
-0.080572
-0.0876103
-0.0942847
-0.100615
-0.106621
-0.112318
-0.117722
-0.122847
-0.127703
-0.132303
-0.136653
-0.140762
-0.144635
-0.148277
-0.151692
-0.154882
-0.15785
-0.160597
-0.163121
-0.165423
-0.1675
-0.16935
-0.170968
-0.172349
-0.173492
-0.174377
-0.17512
0.220295
0.203258
0.186886
0.169791
0.153037
0.136615
0.120608
0.105036
0.0899298
0.0753316
0.0612928
0.0478613
0.0350716
0.0229409
0.0114692
0.000642693
-0.00956273
-0.0191775
-0.0282355
-0.0367717
-0.0448209
-0.0524162
-0.0595891
-0.0663687
-0.0727817
-0.0788527
-0.0846039
-0.0900551
-0.0952242
-0.100127
-0.104777
-0.109186
-0.113365
-0.117321
-0.121061
-0.124591
-0.127916
-0.131039
-0.133962
-0.136688
-0.139218
-0.141553
-0.143691
-0.145632
-0.147374
-0.148913
-0.150244
-0.151366
-0.152253
-0.153032
0.20898
0.191493
0.17598
0.159933
0.144527
0.129551
0.115015
0.100883
0.0871537
0.0738574
0.0610442
0.0487692
0.0370778
0.0259979
0.0155386
0.00569213
-0.00356217
-0.0122534
-0.0204155
-0.0280842
-0.0352951
-0.0420825
-0.0484783
-0.0545119
-0.0602099
-0.0655965
-0.070693
-0.0755187
-0.0800903
-0.0844228
-0.088529
-0.0924199
-0.0961049
-0.0995918
-0.102887
-0.105996
-0.108924
-0.111673
-0.114247
-0.116648
-0.118879
-0.120939
-0.122831
-0.124552
-0.126101
-0.127477
-0.128673
-0.129689
-0.130495
-0.131218
0.182935
0.167165
0.154122
0.140512
0.127597
0.114981
0.102656
0.090585
0.0787791
0.0672822
0.056158
0.0454724
0.0352795
0.0256151
0.0164943
0.00791472
-0.000139807
-0.00769447
-0.0147797
-0.021428
-0.0276719
-0.0335426
-0.0390691
-0.0442778
-0.0491924
-0.0538341
-0.0582217
-0.0623716
-0.0662983
-0.0700145
-0.0735312
-0.0768577
-0.0800023
-0.0829719
-0.0857726
-0.0884094
-0.090887
-0.0932094
-0.0953799
-0.0974018
-0.0992774
-0.101009
-0.102597
-0.104042
-0.105344
-0.1065
-0.107506
-0.108362
-0.109036
-0.109645
0.145318
0.133588
0.124393
0.11436
0.10477
0.0951367
0.0855105
0.0759023
0.066375
0.0570074
0.0478861
0.0390898
0.0306799
0.022696
0.0151564
0.00806159
0.00139935
-0.00485106
-0.010715
-0.0162196
-0.0213918
-0.0262571
-0.030839
-0.0351585
-0.0392343
-0.0430828
-0.0467183
-0.0501532
-0.0533984
-0.0564633
-0.0593563
-0.0620846
-0.0646547
-0.0670725
-0.0693435
-0.0714726
-0.0734646
-0.075324
-0.0770551
-0.0786617
-0.0801473
-0.0815148
-0.082766
-0.0839023
-0.0849237
-0.0858293
-0.0866152
-0.0872819
-0.0877989
-0.0882594
0.100732
0.0947057
0.0899877
0.0840228
0.078013
0.0715288
0.0647359
0.0577388
0.0506685
0.0436423
0.0367618
0.0301069
0.0237332
0.017673
0.01194
0.00653299
0.00144141
-0.00335109
-0.0078635
-0.0121154
-0.0161257
-0.0199114
-0.0234881
-0.026869
-0.0300653
-0.0330869
-0.0359416
-0.0386365
-0.0411773
-0.0435692
-0.045817
-0.0479253
-0.0498985
-0.0517412
-0.0534584
-0.0550551
-0.0565368
-0.0579087
-0.0591763
-0.0603447
-0.0614186
-0.0624018
-0.0632974
-0.0641075
-0.0648331
-0.0654744
-0.0660292
-0.0664993
-0.0668522
-0.0671235
0.0554814
0.0553219
0.0546219
0.0522511
0.0492864
0.0455209
0.0412722
0.03675
0.0321403
0.0275716
0.0231275
0.0188548
0.0147741
0.0108892
0.00719416
0.00367846
0.000329963
-0.00286325
-0.00591194
-0.00882523
-0.0116104
-0.0142728
-0.0168163
-0.0192432
-0.0215544
-0.02375
-0.0258292
-0.0277913
-0.0296351
-0.0313602
-0.0329664
-0.034455
-0.035828
-0.0370889
-0.0382425
-0.0392947
-0.0402524
-0.0411228
-0.0419133
-0.0426311
-0.0432824
-0.0438728
-0.0444063
-0.0448862
-0.0453142
-0.0456917
-0.0460181
-0.0462975
-0.0464989
-0.0465349
0.0139992
0.018837
0.0208387
0.0203528
0.0187219
0.0163475
0.0137642
0.0112709
0.00903907
0.00711588
0.00546657
0.00401524
0.00267968
0.00139187
0.000105493
-0.0012052
-0.00255006
-0.00392818
-0.00533211
-0.00675086
-0.00817184
-0.00958197
-0.0109684
-0.0123187
-0.0136215
-0.014866
-0.0160427
-0.0171431
-0.0181604
-0.0190893
-0.0199266
-0.0206712
-0.0213243
-0.0218895
-0.0223725
-0.0227806
-0.0231227
-0.0234082
-0.0236463
-0.023846
-0.0240147
-0.0241586
-0.0242824
-0.0243893
-0.0244816
-0.0245615
-0.0246309
-0.0247003
-0.024847
-0.0256403
)
;

boundaryField
{
    inlet
    {
        type            zeroGradient;
    }
    outlet
    {
        type            fixedValue;
        value           uniform 0;
    }
    innerBox
    {
        type            zeroGradient;
    }
    lowerWall
    {
        type            symmetryPlane;
    }
    frontAndBack
    {
        type            empty;
    }
}


// ************************************************************************* //
