# Time	field	min	position(min)	max	position(max)
1001	Ua	0	(0 0.0093083 0)	0.101414	(0.3 0.0186166 0)
1002	Ua	0	(0 0.0093083 0)	0.100996	(0.3 0.0186166 0)
1003	Ua	0	(0 0.0093083 0)	0.100887	(0.3 0.0186166 0)
1004	Ua	0	(0 0.0093083 0)	0.101249	(0.3 0.0186166 0)
1005	Ua	0	(0 0.0093083 0)	0.102103	(0.3 0.0186166 0)
1006	Ua	0	(0 0.0093083 0)	0.106529	(0.3 -0.0193083 0)
1007	Ua	0	(0 0.0093083 0)	0.122692	(0.3 -0.0193083 0)
1008	Ua	0	(0 0.0093083 0)	0.139321	(0.3 -0.0193083 0)
1009	Ua	0	(0 0.0093083 0)	0.155933	(0.3 -0.0193083 0)
1010	Ua	0	(0 0.0093083 0)	0.172159	(0.3 -0.0193083 0)
1011	Ua	0	(0 0.0093083 0)	0.187699	(0.3 -0.0193083 0)
1012	Ua	0	(0 0.0093083 0)	0.20306	(0.299339 -0.0192878 0)
1013	Ua	0	(0 0.0093083 0)	0.221529	(0.299339 -0.0192878 0)
1014	Ua	0	(0 0.0093083 0)	0.238931	(0.299339 -0.0192878 0)
1015	Ua	0	(0 0.0093083 0)	0.257025	(0.298018 -0.0192468 -2.00603e-20)
1016	Ua	0	(0 0.0093083 0)	0.276332	(0.298018 -0.0192468 -2.00603e-20)
1017	Ua	0	(0 0.0093083 0)	0.294271	(0.298018 -0.0192468 -2.00603e-20)
1018	Ua	0	(0 0.0093083 0)	0.310656	(0.298018 -0.0192468 -2.00603e-20)
1019	Ua	0	(0 0.0093083 0)	0.325361	(0.298018 -0.0192468 -2.00603e-20)
1020	Ua	0	(0 0.0093083 0)	0.338312	(0.298018 -0.0192468 -2.00603e-20)
1021	Ua	0	(0 0.0093083 0)	0.34948	(0.298018 -0.0192468 -2.00603e-20)
1022	Ua	0	(0 0.0093083 0)	0.358875	(0.298018 -0.0192468 -2.00603e-20)
1023	Ua	0	(0 0.0093083 0)	0.36926	(0.2967 -0.0192059 9.33868e-21)
1024	Ua	0	(0 0.0093083 0)	0.380339	(0.2967 -0.0192059 9.33868e-21)
1025	Ua	0	(0 0.0093083 0)	0.389786	(0.2967 -0.0192059 9.33868e-21)
1026	Ua	0	(0 0.0093083 0)	0.397624	(0.2967 -0.0192059 9.33868e-21)
1027	Ua	0	(0 0.0093083 0)	0.403896	(0.2967 -0.0192059 9.33868e-21)
1028	Ua	0	(0 0.0093083 0)	0.409668	(0.295384 -0.0191653 0)
1029	Ua	0	(0 0.0093083 0)	0.418223	(0.295384 -0.0191653 0)
1030	Ua	0	(0 0.0093083 0)	0.425253	(0.295384 -0.0191653 0)
1031	Ua	0	(0 0.0093083 0)	0.430804	(0.295384 -0.0191653 0)
1032	Ua	0	(0 0.0093083 0)	0.434947	(0.295384 -0.0191653 0)
1033	Ua	0	(0 0.0093083 0)	0.438864	(0.294071 -0.0191248 2.98997e-20)
1034	Ua	0	(0 0.0093083 0)	0.444777	(0.294071 -0.0191248 2.98997e-20)
1035	Ua	0	(0 0.0093083 0)	0.449322	(0.294071 -0.0191248 2.98997e-20)
1036	Ua	0	(0 0.0093083 0)	0.452595	(0.294071 -0.0191248 2.98997e-20)
1037	Ua	0	(0 0.0093083 0)	0.454706	(0.294071 -0.0191248 2.98997e-20)
1038	Ua	0	(0 0.0093083 0)	0.455778	(0.294071 -0.0191248 2.98997e-20)
1039	Ua	0	(0 0.0093083 0)	0.458829	(0.29276 -0.0190844 0)
1040	Ua	0	(0 0.0093083 0)	0.461587	(0.29276 -0.0190844 0)
1041	Ua	0	(0 0.0093083 0)	0.463393	(0.29276 -0.0190844 0)
1042	Ua	0	(0 0.0093083 0)	0.464348	(0.29276 -0.0190844 0)
1043	Ua	0	(0 0.0093083 0)	0.464558	(0.29276 -0.0190844 0)
1044	Ua	0	(0 0.0093083 0)	0.465986	(0.291452 -0.0190442 9.5979e-21)
1045	Ua	0	(0 0.0093083 0)	0.467825	(0.291452 -0.0190442 9.5979e-21)
1046	Ua	0	(0 0.0093083 0)	0.468923	(0.291452 -0.0190442 9.5979e-21)
1047	Ua	0	(0 0.0093083 0)	0.469366	(0.291452 -0.0190442 9.5979e-21)
1048	Ua	0	(0 0.0093083 0)	0.46924	(0.291452 -0.0190442 9.5979e-21)
1049	Ua	0	(0 0.0093083 0)	0.46934	(0.290146 -0.0190041 0)
1050	Ua	0	(0 0.0093083 0)	0.470508	(0.290146 -0.0190041 0)
1051	Ua	0	(0 0.0093083 0)	0.471102	(0.290146 -0.0190041 0)
1052	Ua	0	(0 0.0093083 0)	0.471199	(0.290146 -0.0190041 0)
1053	Ua	0	(0 0.0093083 0)	0.470877	(0.290146 -0.0190041 0)
1054	Ua	0	(0 0.0093083 0)	0.470209	(0.290146 -0.0190041 0)
1055	Ua	0	(0 0.0093083 0)	0.470078	(0.288843 -0.0189642 1.12403e-20)
1056	Ua	0	(0 0.0093083 0)	0.470441	(0.288843 -0.0189642 1.12403e-20)
1057	Ua	0	(0 0.0093083 0)	0.470445	(0.288843 -0.0189642 1.12403e-20)
1058	Ua	0	(0 0.0093083 0)	0.470149	(0.288843 -0.0189642 1.12403e-20)
1059	Ua	0	(0 0.0093083 0)	0.469606	(0.288843 -0.0189642 1.12403e-20)
1060	Ua	0	(0 0.0093083 0)	0.468865	(0.288843 -0.0189642 1.12403e-20)
1061	Ua	0	(0 0.0093083 0)	0.468284	(0.287543 -0.0189243 -4.07327e-20)
1062	Ua	0	(0 0.0093083 0)	0.468338	(0.287543 -0.0189243 -4.07327e-20)
1063	Ua	0	(0 0.0093083 0)	0.468163	(0.287543 -0.0189243 -4.07327e-20)
1064	Ua	0	(0 0.0093083 0)	0.467798	(0.287543 -0.0189243 -4.07327e-20)
1065	Ua	0	(0 0.0093083 0)	0.467281	(0.287543 -0.0189243 -4.07327e-20)
1066	Ua	0	(0 0.0093083 0)	0.466642	(0.287543 -0.0189243 -4.07327e-20)
1067	Ua	0	(0 0.0093083 0)	0.46591	(0.287543 -0.0189243 -4.07327e-20)
1068	Ua	0	(0 0.0093083 0)	0.465185	(0.286245 -0.0188846 -9.87926e-21)
1069	Ua	0	(0 0.0093083 0)	0.465002	(0.286245 -0.0188846 -9.87926e-21)
1070	Ua	0	(0 0.0093083 0)	0.464703	(0.286245 -0.0188846 -9.87926e-21)
1071	Ua	0	(0 0.0093083 0)	0.46431	(0.286245 -0.0188846 -9.87926e-21)
1072	Ua	0	(0 0.0093083 0)	0.463842	(0.286245 -0.0188846 -9.87926e-21)
1073	Ua	0	(0 0.0093083 0)	0.463314	(0.286245 -0.0188846 -9.87926e-21)
1074	Ua	0	(0 0.0093083 0)	0.46274	(0.286245 -0.0188846 -9.87926e-21)
1075	Ua	0	(0 0.0093083 0)	0.462128	(0.286245 -0.0188846 -9.87926e-21)
1076	Ua	0	(0 0.0093083 0)	0.461484	(0.286245 -0.0188846 -9.87926e-21)
1077	Ua	0	(0 0.0093083 0)	0.461092	(0.284949 -0.018845 0)
1078	Ua	0	(0 0.0093083 0)	0.462044	(0.286245 0.0171309 3.03897e-20)
1079	Ua	0	(0 0.0093083 0)	0.463655	(0.286245 0.0171309 3.03897e-20)
1080	Ua	0	(0 0.0093083 0)	0.465335	(0.28495 0.0169764 0)
1081	Ua	0	(0 0.0093083 0)	0.467185	(0.28495 0.0169764 0)
1082	Ua	0	(0 0.0093083 0)	0.468948	(0.28495 0.0169764 0)
1083	Ua	0	(0 0.0093083 0)	0.470632	(0.28495 0.0169764 0)
1084	Ua	0	(0 0.0093083 0)	0.472242	(0.28495 0.0169764 0)
1085	Ua	0	(0 0.0093083 0)	0.473787	(0.28495 0.0169764 0)
1086	Ua	0	(0 0.0093083 0)	0.475272	(0.28495 0.0169764 0)
1087	Ua	0	(0 0.0093083 0)	0.476703	(0.28495 0.0169764 0)
1088	Ua	0	(0 0.0093083 0)	0.478147	(0.283657 0.0168216 0)
1089	Ua	0	(0 0.0093083 0)	0.479765	(0.283657 0.0168216 0)
1090	Ua	0	(0 0.0093083 0)	0.481324	(0.283657 0.0168216 0)
1091	Ua	0	(0 0.0093083 0)	0.48283	(0.283657 0.0168216 0)
1092	Ua	0	(0 0.0093083 0)	0.484288	(0.283657 0.0168216 0)
1093	Ua	0	(0 0.0093083 0)	0.4857	(0.283657 0.0168216 0)
1094	Ua	0	(0 0.0093083 0)	0.487071	(0.283657 0.0168216 0)
1095	Ua	0	(0 0.0093083 0)	0.488404	(0.283657 0.0168216 0)
1096	Ua	0	(0 0.0093083 0)	0.489701	(0.283657 0.0168216 0)
1097	Ua	0	(0 0.0093083 0)	0.491016	(0.282367 0.0166671 3.10551e-20)
1098	Ua	0	(0 0.0093083 0)	0.492456	(0.282367 0.0166671 3.10551e-20)
1099	Ua	0	(0 0.0093083 0)	0.493857	(0.282367 0.0166671 3.10551e-20)
1100	Ua	0	(0 0.0093083 0)	0.495219	(0.282367 0.0166671 3.10551e-20)
1101	Ua	0	(0 0.0093083 0)	0.496546	(0.282367 0.0166671 3.10551e-20)
1102	Ua	0	(0 0.0093083 0)	0.497839	(0.282367 0.0166671 3.10551e-20)
1103	Ua	0	(0 0.0093083 0)	0.4991	(0.282367 0.0166671 3.10551e-20)
1104	Ua	0	(0 0.0093083 0)	0.50033	(0.282367 0.0166671 3.10551e-20)
1105	Ua	0	(0 0.0093083 0)	0.501531	(0.282367 0.0166671 3.10551e-20)
1106	Ua	0	(0 0.0093083 0)	0.502703	(0.282367 0.0166671 3.10551e-20)
1107	Ua	0	(0 0.0093083 0)	0.503994	(0.281079 0.0165131 2.11046e-20)
1108	Ua	0	(0 0.0093083 0)	0.505284	(0.281079 0.0165131 2.11046e-20)
1109	Ua	0	(0 0.0093083 0)	0.506542	(0.281079 0.0165131 2.11046e-20)
1110	Ua	0	(0 0.0093083 0)	0.507769	(0.281079 0.0165131 2.11046e-20)
1111	Ua	0	(0 0.0093083 0)	0.508966	(0.281079 0.0165131 2.11046e-20)
1112	Ua	0	(0 0.0093083 0)	0.510132	(0.281079 0.0165131 2.11046e-20)
1113	Ua	0	(0 0.0093083 0)	0.51127	(0.281079 0.0165131 2.11046e-20)
1114	Ua	0	(0 0.0093083 0)	0.512378	(0.281079 0.0165131 2.11046e-20)
1115	Ua	0	(0 0.0093083 0)	0.513458	(0.281079 0.0165131 2.11046e-20)
1116	Ua	0	(0 0.0093083 0)	0.514618	(0.279794 0.0163603 4.17618e-20)
1117	Ua	0	(0 0.0093083 0)	0.515805	(0.279794 0.0163603 4.17618e-20)
1118	Ua	0	(0 0.0093083 0)	0.516963	(0.279794 0.0163603 4.17618e-20)
1119	Ua	0	(0 0.0093083 0)	0.518089	(0.279794 0.0163603 4.17618e-20)
1120	Ua	0	(0 0.0093083 0)	0.519186	(0.279794 0.0163603 4.17618e-20)
1121	Ua	0	(0 0.0093083 0)	0.520254	(0.279794 0.0163603 4.17618e-20)
1122	Ua	0	(0 0.0093083 0)	0.521292	(0.279794 0.0163603 4.17618e-20)
1123	Ua	0	(0 0.0093083 0)	0.522301	(0.279794 0.0163603 4.17618e-20)
1124	Ua	0	(0 0.0093083 0)	0.523286	(0.278511 0.016209 0)
1125	Ua	0	(0 0.0093083 0)	0.524399	(0.278511 0.016209 0)
1126	Ua	0	(0 0.0093083 0)	0.525481	(0.278511 0.016209 0)
1127	Ua	0	(0 0.0093083 0)	0.526533	(0.278511 0.016209 0)
1128	Ua	0	(0 0.0093083 0)	0.527555	(0.278511 0.016209 0)
1129	Ua	0	(0 0.0093083 0)	0.528547	(0.278511 0.016209 0)
1130	Ua	0	(0 0.0093083 0)	0.529509	(0.278511 0.016209 0)
1131	Ua	0	(0 0.0093083 0)	0.530443	(0.278511 0.016209 0)
1132	Ua	0	(0 0.0093083 0)	0.531349	(0.278511 0.016209 0)
1133	Ua	0	(0 0.0093083 0)	0.532375	(0.277231 0.0160597 6.3936e-20)
1134	Ua	0	(0 0.0093083 0)	0.533378	(0.277231 0.0160597 6.3936e-20)
1135	Ua	0	(0 0.0093083 0)	0.534352	(0.277231 0.0160597 6.3936e-20)
1136	Ua	0	(0 0.0093083 0)	0.535295	(0.277231 0.0160597 6.3936e-20)
1137	Ua	0	(0 0.0093083 0)	0.53621	(0.277231 0.0160597 6.3936e-20)
1138	Ua	0	(0 0.0093083 0)	0.537096	(0.277231 0.0160597 6.3936e-20)
1139	Ua	0	(0 0.0093083 0)	0.537954	(0.277231 0.0160597 6.3936e-20)
1140	Ua	0	(0 0.0093083 0)	0.538832	(0.275953 0.0159128 -1.04824e-20)
1141	Ua	0	(0 0.0093083 0)	0.539785	(0.275953 0.0159128 -1.04824e-20)
1142	Ua	0	(0 0.0093083 0)	0.540709	(0.275953 0.0159128 -1.04824e-20)
1143	Ua	0	(0 0.0093083 0)	0.541605	(0.275953 0.0159128 -1.04824e-20)
1144	Ua	0	(0 0.0093083 0)	0.542472	(0.275953 0.0159128 -1.04824e-20)
1145	Ua	0	(0 0.0093083 0)	0.543311	(0.275953 0.0159128 -1.04824e-20)
1146	Ua	0	(0 0.0093083 0)	0.544124	(0.275953 0.0159128 -1.04824e-20)
1147	Ua	0	(0 0.0093083 0)	0.54491	(0.275953 0.0159128 -1.04824e-20)
1148	Ua	0	(0 0.0093083 0)	0.545812	(0.274678 0.0157687 0)
1149	Ua	0	(0 0.0093083 0)	0.546688	(0.274678 0.0157687 0)
1150	Ua	0	(0 0.0093083 0)	0.547536	(0.274678 0.0157687 0)
1151	Ua	0	(0 0.0093083 0)	0.548357	(0.274678 0.0157687 0)
1152	Ua	0	(0 0.0093083 0)	0.549151	(0.274678 0.0157687 0)
1153	Ua	0	(0 0.0093083 0)	0.54992	(0.274678 0.0157687 0)
1154	Ua	0	(0 0.0093083 0)	0.550664	(0.274678 0.0157687 0)
1155	Ua	0	(0 0.0093083 0)	0.551509	(0.273405 0.015628 0)
1156	Ua	0	(0 0.0093083 0)	0.552339	(0.273405 0.015628 0)
1157	Ua	0	(0 0.0093083 0)	0.553143	(0.273405 0.015628 0)
1158	Ua	0	(0 0.0093083 0)	0.55392	(0.273405 0.015628 0)
1159	Ua	0	(0 0.0093083 0)	0.554672	(0.273405 0.015628 0)
1160	Ua	0	(0 0.0093083 0)	0.5554	(0.273405 0.015628 0)
1161	Ua	0	(0 0.0093083 0)	0.556112	(0.272135 0.0154908 1.14631e-20)
1162	Ua	0	(0 0.0093083 0)	0.556925	(0.272135 0.0154908 1.14631e-20)
1163	Ua	0	(0 0.0093083 0)	0.557711	(0.272135 0.0154908 1.14631e-20)
1164	Ua	0	(0 0.0093083 0)	0.558472	(0.272135 0.0154908 1.14631e-20)
1165	Ua	0	(0 0.0093083 0)	0.559209	(0.272135 0.0154908 1.14631e-20)
1166	Ua	0	(0 0.0093083 0)	0.559922	(0.272135 0.0154908 1.14631e-20)
1167	Ua	0	(0 0.0093083 0)	0.560612	(0.272135 0.0154908 1.14631e-20)
1168	Ua	0	(0 0.0093083 0)	0.561326	(0.270868 0.0153578 1.07877e-20)
1169	Ua	0	(0 0.0093083 0)	0.562097	(0.270868 0.0153578 1.07877e-20)
1170	Ua	0	(0 0.0093083 0)	0.562842	(0.270868 0.0153578 1.07877e-20)
1171	Ua	0	(0 0.0093083 0)	0.563564	(0.270868 0.0153578 1.07877e-20)
1172	Ua	0	(0 0.0093083 0)	0.564263	(0.270868 0.0153578 1.07877e-20)
1173	Ua	0	(0 0.0093083 0)	0.56494	(0.270868 0.0153578 1.07877e-20)
1174	Ua	0	(0 0.0093083 0)	0.565595	(0.270868 0.0153578 1.07877e-20)
1175	Ua	0	(0 0.0093083 0)	0.566329	(0.269602 0.0152293 0)
1176	Ua	0	(0 0.0093083 0)	0.56706	(0.269602 0.0152293 0)
1177	Ua	0	(0 0.0093083 0)	0.567768	(0.269602 0.0152293 0)
1178	Ua	0	(0 0.0093083 0)	0.568454	(0.269602 0.0152293 0)
1179	Ua	0	(0 0.0093083 0)	0.569118	(0.269602 0.0152293 0)
1180	Ua	0	(0 0.0093083 0)	0.569761	(0.269602 0.0152293 0)
1181	Ua	0	(0 0.0093083 0)	0.570431	(0.26834 0.0151057 -1.16885e-20)
1182	Ua	0	(0 0.0093083 0)	0.571148	(0.26834 0.0151057 -1.16885e-20)
1183	Ua	0	(0 0.0093083 0)	0.571843	(0.26834 0.0151057 -1.16885e-20)
1184	Ua	0	(0 0.0093083 0)	0.572516	(0.26834 0.0151057 -1.16885e-20)
1185	Ua	0	(0 0.0093083 0)	0.573168	(0.26834 0.0151057 -1.16885e-20)
1186	Ua	0	(0 0.0093083 0)	0.5738	(0.26834 0.0151057 -1.16885e-20)
1187	Ua	0	(0 0.0093083 0)	0.57442	(0.26708 0.0149874 3.37831e-20)
1188	Ua	0	(0 0.0093083 0)	0.575124	(0.26708 0.0149874 3.37831e-20)
1189	Ua	0	(0 0.0093083 0)	0.575806	(0.26708 0.0149874 3.37831e-20)
1190	Ua	0	(0 0.0093083 0)	0.576468	(0.26708 0.0149874 3.37831e-20)
1191	Ua	0	(0 0.0093083 0)	0.577108	(0.26708 0.0149874 3.37831e-20)
1192	Ua	0	(0 0.0093083 0)	0.577729	(0.26708 0.0149874 3.37831e-20)
1193	Ua	0	(0 0.0093083 0)	0.578331	(0.26708 0.0149874 3.37831e-20)
1194	Ua	0	(0 0.0093083 0)	0.579004	(0.265822 0.0148748 -2.2917e-20)
1195	Ua	0	(0 0.0093083 0)	0.579674	(0.265822 0.0148748 -2.2917e-20)
1196	Ua	0	(0 0.0093083 0)	0.580323	(0.265822 0.0148748 -2.2917e-20)
1197	Ua	0	(0 0.0093083 0)	0.580953	(0.265822 0.0148748 -2.2917e-20)
1198	Ua	0	(0 0.0093083 0)	0.581563	(0.265822 0.0148748 -2.2917e-20)
1199	Ua	0	(0 0.0093083 0)	0.582155	(0.265822 0.0148748 -2.2917e-20)
1200	Ua	0	(0 0.0093083 0)	0.582797	(0.264567 0.0147683 -3.42123e-20)
1201	Ua	0	(0 0.0093083 0)	0.583455	(0.264567 0.0147683 -3.42123e-20)
1202	Ua	0	(0 0.0093083 0)	0.584094	(0.264567 0.0147683 -3.42123e-20)
1203	Ua	0	(0 0.0093083 0)	0.584713	(0.264567 0.0147683 -3.42123e-20)
1204	Ua	0	(0 0.0093083 0)	0.585313	(0.264567 0.0147683 -3.42123e-20)
1205	Ua	0	(0 0.0093083 0)	0.585895	(0.264567 0.0147683 -3.42123e-20)
1206	Ua	0	(0 0.0093083 0)	0.586514	(0.263314 0.0146683 -2.31974e-20)
1207	Ua	0	(0 0.0093083 0)	0.58716	(0.263314 0.0146683 -2.31974e-20)
1208	Ua	0	(0 0.0093083 0)	0.587787	(0.263314 0.0146683 -2.31974e-20)
1209	Ua	0	(0 0.0093083 0)	0.588396	(0.263314 0.0146683 -2.31974e-20)
1210	Ua	0	(0 0.0093083 0)	0.588986	(0.263314 0.0146683 -2.31974e-20)
1211	Ua	0	(0 0.0093083 0)	0.589559	(0.263314 0.0146683 -2.31974e-20)
1212	Ua	0	(0 0.0093083 0)	0.590158	(0.262064 0.0145751 1.12905e-20)
1213	Ua	0	(0 0.0093083 0)	0.590794	(0.262064 0.0145751 1.12905e-20)
1214	Ua	0	(0 0.0093083 0)	0.59141	(0.262064 0.0145751 1.12905e-20)
1215	Ua	0	(0 0.0093083 0)	0.592008	(0.262064 0.0145751 1.12905e-20)
1216	Ua	0	(0 0.0093083 0)	0.592588	(0.262064 0.0145751 1.12905e-20)
1217	Ua	0	(0 0.0093083 0)	0.593152	(0.262064 0.0145751 1.12905e-20)
1218	Ua	0	(0 0.0093083 0)	0.593737	(0.260816 0.0144892 2.34642e-20)
1219	Ua	0	(0 0.0093083 0)	0.594361	(0.260816 0.0144892 2.34642e-20)
1220	Ua	0	(0 0.0093083 0)	0.594966	(0.260816 0.0144892 2.34642e-20)
1221	Ua	0	(0 0.0093083 0)	0.595554	(0.260816 0.0144892 2.34642e-20)
1222	Ua	0	(0 0.0093083 0)	0.596125	(0.260816 0.0144892 2.34642e-20)
1223	Ua	0	(0 0.0093083 0)	0.596678	(0.260816 0.0144892 2.34642e-20)
1224	Ua	0	(0 0.0093083 0)	0.597251	(0.25957 0.0144108 0)
1225	Ua	0	(0 0.0093083 0)	0.597864	(0.25957 0.0144108 0)
1226	Ua	0	(0 0.0093083 0)	0.598459	(0.25957 0.0144108 0)
1227	Ua	0	(0 0.0093083 0)	0.599037	(0.25957 0.0144108 0)
1228	Ua	0	(0 0.0093083 0)	0.599597	(0.25957 0.0144108 0)
1229	Ua	0	(0 0.0093083 0)	0.600142	(0.25957 0.0144108 0)
1230	Ua	0	(0 0.0093083 0)	0.600704	(0.258327 0.0143405 0)
1231	Ua	0	(0 0.0093083 0)	0.601306	(0.258327 0.0143405 0)
1232	Ua	0	(0 0.0093083 0)	0.60189	(0.258327 0.0143405 0)
1233	Ua	0	(0 0.0093083 0)	0.602458	(0.258327 0.0143405 0)
1234	Ua	0	(0 0.0093083 0)	0.603009	(0.258327 0.0143405 0)
1235	Ua	0	(0 0.0093083 0)	0.603544	(0.258327 0.0143405 0)
1236	Ua	0	(0 0.0093083 0)	0.604098	(0.257087 0.0142784 -1.15399e-20)
1237	Ua	0	(0 0.0093083 0)	0.604689	(0.257087 0.0142784 -1.15399e-20)
1238	Ua	0	(0 0.0093083 0)	0.605262	(0.257087 0.0142784 -1.15399e-20)
1239	Ua	0	(0 0.0093083 0)	0.60582	(0.257087 0.0142784 -1.15399e-20)
1240	Ua	0	(0 0.0093083 0)	0.606361	(0.257087 0.0142784 -1.15399e-20)
1241	Ua	0	(0 0.0093083 0)	0.606886	(0.257087 0.0142784 -1.15399e-20)
1242	Ua	0	(0 0.0093083 0)	0.607433	(0.255849 0.014225 -1.2348e-20)
1243	Ua	0	(0 0.0093083 0)	0.608013	(0.255849 0.014225 -1.2348e-20)
1244	Ua	0	(0 0.0093083 0)	0.608576	(0.255849 0.014225 -1.2348e-20)
1245	Ua	0	(0 0.0093083 0)	0.609123	(0.255849 0.014225 -1.2348e-20)
1246	Ua	0	(0 0.0093083 0)	0.609655	(0.255849 0.014225 -1.2348e-20)
1247	Ua	0	(0 0.0093083 0)	0.610171	(0.255849 0.014225 -1.2348e-20)
1248	Ua	0	(0 0.0093083 0)	0.61071	(0.254613 0.0141807 -1.24014e-20)
1249	Ua	0	(0 0.0093083 0)	0.611279	(0.254613 0.0141807 -1.24014e-20)
1250	Ua	0	(0 0.0093083 0)	0.611832	(0.254613 0.0141807 -1.24014e-20)
1251	Ua	0	(0 0.0093083 0)	0.612369	(0.254613 0.0141807 -1.24014e-20)
1252	Ua	0	(0 0.0093083 0)	0.612891	(0.254613 0.0141807 -1.24014e-20)
1253	Ua	0	(0 0.0093083 0)	0.613397	(0.254613 0.0141807 -1.24014e-20)
1254	Ua	0	(0 0.0093083 0)	0.613934	(0.25338 0.0141457 3.58505e-20)
1255	Ua	0	(0 0.0093083 0)	0.614492	(0.25338 0.0141457 3.58505e-20)
1256	Ua	0	(0 0.0093083 0)	0.615034	(0.25338 0.0141457 3.58505e-20)
1257	Ua	0	(0 0.0093083 0)	0.615561	(0.25338 0.0141457 3.58505e-20)
1258	Ua	0	(0 0.0093083 0)	0.616073	(0.25338 0.0141457 3.58505e-20)
1259	Ua	0	(0 0.0093083 0)	0.616571	(0.25338 0.0141457 3.58505e-20)
1260	Ua	0	(0 0.0093083 0)	0.617116	(0.252149 0.0141205 -1.17464e-20)
1261	Ua	0	(0 0.0093083 0)	0.617663	(0.252149 0.0141205 -1.17464e-20)
1262	Ua	0	(0 0.0093083 0)	0.618195	(0.252149 0.0141205 -1.17464e-20)
1263	Ua	0	(0 0.0093083 0)	0.618713	(0.252149 0.0141205 -1.17464e-20)
1264	Ua	0	(0 0.0093083 0)	0.619215	(0.252149 0.0141205 -1.17464e-20)
1265	Ua	0	(0 0.0093083 0)	0.61973	(0.25092 0.0141053 3.61218e-20)
1266	Ua	0	(0 0.0093083 0)	0.620282	(0.25092 0.0141053 3.61218e-20)
1267	Ua	0	(0 0.0093083 0)	0.62082	(0.25092 0.0141053 3.61218e-20)
1268	Ua	0	(0 0.0093083 0)	0.621342	(0.25092 0.0141053 3.61218e-20)
1269	Ua	0	(0 0.0093083 0)	0.6219	(0.249694 0.014101 0)
1270	Ua	0	(0 0.0093083 0)	0.622473	(0.249694 0.014101 0)
1271	Ua	0	(0 0.0093083 0)	0.623031	(0.249694 0.014101 0)
1272	Ua	0	(0 0.0093083 0)	0.623574	(0.249694 0.014101 0)
1273	Ua	0	(0 0.0093083 0)	0.624174	(0.24847 0.0141095 0)
1274	Ua	0	(0 0.0093083 0)	0.624769	(0.24847 0.0141095 0)
1275	Ua	0	(0 0.0093083 0)	0.625347	(0.24847 0.0141095 0)
1276	Ua	0	(0 0.0093083 0)	0.62591	(0.24847 0.0141095 0)
1277	Ua	0	(0 0.0093083 0)	0.626458	(0.24847 0.0141095 0)
1278	Ua	0	(0 0.0093083 0)	0.626991	(0.24847 0.0141095 0)
1279	Ua	0	(0 0.0093083 0)	0.627509	(0.24847 0.0141095 0)
1280	Ua	0	(0 0.0093083 0)	0.628012	(0.24847 0.0141095 0)
1281	Ua	0	(0 0.0093083 0)	0.628502	(0.24847 0.0141095 0)
1282	Ua	0	(0 0.0093083 0)	0.628978	(0.24847 0.0141095 0)
1283	Ua	0	(0 0.0093083 0)	0.629441	(0.24847 0.0141095 0)
1284	Ua	0	(0 0.0093083 0)	0.629891	(0.24847 0.0141095 0)
1285	Ua	0	(0 0.0093083 0)	0.630328	(0.24847 0.0141095 0)
1286	Ua	0	(0 0.0093083 0)	0.630752	(0.24847 0.0141095 0)
1287	Ua	0	(0 0.0093083 0)	0.631165	(0.24847 0.0141095 0)
1288	Ua	0	(0 0.0093083 0)	0.631565	(0.24847 0.0141095 0)
1289	Ua	0	(0 0.0093083 0)	0.631954	(0.24847 0.0141095 0)
1290	Ua	0	(0 0.0093083 0)	0.632332	(0.24847 0.0141095 0)
1291	Ua	0	(0 0.0093083 0)	0.632699	(0.24847 0.0141095 0)
1292	Ua	0	(0 0.0093083 0)	0.633055	(0.24847 0.0141095 0)
1293	Ua	0	(0 0.0093083 0)	0.633401	(0.24847 0.0141095 0)
1294	Ua	0	(0 0.0093083 0)	0.633736	(0.24847 0.0141095 0)
1295	Ua	0	(0 0.0093083 0)	0.634062	(0.24847 0.0141095 0)
1296	Ua	0	(0 0.0093083 0)	0.634405	(0.247248 0.0141314 0)
1297	Ua	0	(0 0.0093083 0)	0.634765	(0.247248 0.0141314 0)
1298	Ua	0	(0 0.0093083 0)	0.635115	(0.247248 0.0141314 0)
1299	Ua	0	(0 0.0093083 0)	0.635454	(0.247248 0.0141314 0)
1300	Ua	0	(0 0.0093083 0)	0.635784	(0.247248 0.0141314 0)
1301	Ua	0	(0 0.0093083 0)	0.636104	(0.247248 0.0141314 0)
1302	Ua	0	(0 0.0093083 0)	0.636415	(0.247248 0.0141314 0)
1303	Ua	0	(0 0.0093083 0)	0.636716	(0.247248 0.0141314 0)
1304	Ua	0	(0 0.0093083 0)	0.637008	(0.247248 0.0141314 0)
1305	Ua	0	(0 0.0093083 0)	0.637292	(0.247248 0.0141314 0)
1306	Ua	0	(0 0.0093083 0)	0.637567	(0.247248 0.0141314 0)
1307	Ua	0	(0 0.0093083 0)	0.637834	(0.247248 0.0141314 0)
1308	Ua	0	(0 0.0093083 0)	0.638093	(0.247248 0.0141314 0)
1309	Ua	0	(0 0.0093083 0)	0.638344	(0.247248 0.0141314 0)
1310	Ua	0	(0 0.0093083 0)	0.638587	(0.247248 0.0141314 0)
1311	Ua	0	(0 0.0093083 0)	0.638823	(0.247248 0.0141314 0)
1312	Ua	0	(0 0.0093083 0)	0.639052	(0.247248 0.0141314 0)
1313	Ua	0	(0 0.0093083 0)	0.639274	(0.247248 0.0141314 0)
1314	Ua	0	(0 0.0093083 0)	0.639488	(0.247248 0.0141314 0)
1315	Ua	0	(0 0.0093083 0)	0.639697	(0.247248 0.0141314 0)
1316	Ua	0	(0 0.0093083 0)	0.639898	(0.247248 0.0141314 0)
1317	Ua	0	(0 0.0093083 0)	0.640094	(0.247248 0.0141314 0)
1318	Ua	0	(0 0.0093083 0)	0.640283	(0.247248 0.0141314 0)
1319	Ua	0	(0 0.0093083 0)	0.640467	(0.247248 0.0141314 0)
1320	Ua	0	(0 0.0093083 0)	0.640645	(0.247248 0.0141314 0)
1321	Ua	0	(0 0.0093083 0)	0.640817	(0.247248 0.0141314 0)
1322	Ua	0	(0 0.0093083 0)	0.640984	(0.247248 0.0141314 0)
1323	Ua	0	(0 0.0093083 0)	0.641145	(0.247248 0.0141314 0)
1324	Ua	0	(0 0.0093083 0)	0.641302	(0.247248 0.0141314 0)
1325	Ua	0	(0 0.0093083 0)	0.641453	(0.247248 0.0141314 0)
1326	Ua	0	(0 0.0093083 0)	0.6416	(0.247248 0.0141314 0)
1327	Ua	0	(0 0.0093083 0)	0.641742	(0.247248 0.0141314 0)
1328	Ua	0	(0 0.0093083 0)	0.641879	(0.247248 0.0141314 0)
1329	Ua	0	(0 0.0093083 0)	0.642012	(0.247248 0.0141314 0)
1330	Ua	0	(0 0.0093083 0)	0.642161	(0.246029 0.0141661 2.4581e-20)
1331	Ua	0	(0 0.0093083 0)	0.64231	(0.246029 0.0141661 2.4581e-20)
1332	Ua	0	(0 0.0093083 0)	0.642454	(0.246029 0.0141661 2.4581e-20)
1333	Ua	0	(0 0.0093083 0)	0.642594	(0.246029 0.0141661 2.4581e-20)
1334	Ua	0	(0 0.0093083 0)	0.642729	(0.246029 0.0141661 2.4581e-20)
1335	Ua	0	(0 0.0093083 0)	0.64286	(0.246029 0.0141661 2.4581e-20)
1336	Ua	0	(0 0.0093083 0)	0.642987	(0.246029 0.0141661 2.4581e-20)
1337	Ua	0	(0 0.0093083 0)	0.643109	(0.246029 0.0141661 2.4581e-20)
1338	Ua	0	(0 0.0093083 0)	0.643228	(0.246029 0.0141661 2.4581e-20)
1339	Ua	0	(0 0.0093083 0)	0.643343	(0.246029 0.0141661 2.4581e-20)
1340	Ua	0	(0 0.0093083 0)	0.643454	(0.246029 0.0141661 2.4581e-20)
1341	Ua	0	(0 0.0093083 0)	0.643562	(0.246029 0.0141661 2.4581e-20)
1342	Ua	0	(0 0.0093083 0)	0.643666	(0.246029 0.0141661 2.4581e-20)
1343	Ua	0	(0 0.0093083 0)	0.643766	(0.246029 0.0141661 2.4581e-20)
1344	Ua	0	(0 0.0093083 0)	0.643864	(0.246029 0.0141661 2.4581e-20)
1345	Ua	0	(0 0.0093083 0)	0.643958	(0.246029 0.0141661 2.4581e-20)
1346	Ua	0	(0 0.0093083 0)	0.644049	(0.246029 0.0141661 2.4581e-20)
1347	Ua	0	(0 0.0093083 0)	0.644137	(0.246029 0.0141661 2.4581e-20)
1348	Ua	0	(0 0.0093083 0)	0.644222	(0.246029 0.0141661 2.4581e-20)
1349	Ua	0	(0 0.0093083 0)	0.644305	(0.246029 0.0141661 2.4581e-20)
1350	Ua	0	(0 0.0093083 0)	0.644384	(0.246029 0.0141661 2.4581e-20)
1351	Ua	0	(0 0.0093083 0)	0.644461	(0.246029 0.0141661 2.4581e-20)
1352	Ua	0	(0 0.0093083 0)	0.644535	(0.246029 0.0141661 2.4581e-20)
1353	Ua	0	(0 0.0093083 0)	0.644607	(0.246029 0.0141661 2.4581e-20)
1354	Ua	0	(0 0.0093083 0)	0.644677	(0.246029 0.0141661 2.4581e-20)
1355	Ua	0	(0 0.0093083 0)	0.644744	(0.246029 0.0141661 2.4581e-20)
1356	Ua	0	(0 0.0093083 0)	0.644809	(0.246029 0.0141661 2.4581e-20)
1357	Ua	0	(0 0.0093083 0)	0.644872	(0.246029 0.0141661 2.4581e-20)
1358	Ua	0	(0 0.0093083 0)	0.644932	(0.246029 0.0141661 2.4581e-20)
1359	Ua	0	(0 0.0093083 0)	0.644991	(0.246029 0.0141661 2.4581e-20)
1360	Ua	0	(0 0.0093083 0)	0.645048	(0.246029 0.0141661 2.4581e-20)
1361	Ua	0	(0 0.0093083 0)	0.645102	(0.246029 0.0141661 2.4581e-20)
1362	Ua	0	(0 0.0093083 0)	0.645155	(0.246029 0.0141661 2.4581e-20)
1363	Ua	0	(0 0.0093083 0)	0.645206	(0.246029 0.0141661 2.4581e-20)
1364	Ua	0	(0 0.0093083 0)	0.645255	(0.246029 0.0141661 2.4581e-20)
1365	Ua	0	(0 0.0093083 0)	0.645302	(0.246029 0.0141661 2.4581e-20)
1366	Ua	0	(0 0.0093083 0)	0.645348	(0.246029 0.0141661 2.4581e-20)
1367	Ua	0	(0 0.0093083 0)	0.645392	(0.246029 0.0141661 2.4581e-20)
1368	Ua	0	(0 0.0093083 0)	0.645435	(0.246029 0.0141661 2.4581e-20)
1369	Ua	0	(0 0.0093083 0)	0.645476	(0.246029 0.0141661 2.4581e-20)
1370	Ua	0	(0 0.0093083 0)	0.645516	(0.246029 0.0141661 2.4581e-20)
1371	Ua	0	(0 0.0093083 0)	0.645554	(0.246029 0.0141661 2.4581e-20)
1372	Ua	0	(0 0.0093083 0)	0.645591	(0.246029 0.0141661 2.4581e-20)
1373	Ua	0	(0 0.0093083 0)	0.645627	(0.246029 0.0141661 2.4581e-20)
1374	Ua	0	(0 0.0093083 0)	0.645662	(0.246029 0.0141661 2.4581e-20)
1375	Ua	0	(0 0.0093083 0)	0.645695	(0.246029 0.0141661 2.4581e-20)
1376	Ua	0	(0 0.0093083 0)	0.645727	(0.246029 0.0141661 2.4581e-20)
1377	Ua	0	(0 0.0093083 0)	0.645758	(0.246029 0.0141661 2.4581e-20)
1378	Ua	0	(0 0.0093083 0)	0.645788	(0.246029 0.0141661 2.4581e-20)
1379	Ua	0	(0 0.0093083 0)	0.645816	(0.246029 0.0141661 2.4581e-20)
1380	Ua	0	(0 0.0093083 0)	0.645844	(0.246029 0.0141661 2.4581e-20)
1381	Ua	0	(0 0.0093083 0)	0.645871	(0.246029 0.0141661 2.4581e-20)
1382	Ua	0	(0 0.0093083 0)	0.645897	(0.246029 0.0141661 2.4581e-20)
1383	Ua	0	(0 0.0093083 0)	0.645921	(0.246029 0.0141661 2.4581e-20)
1384	Ua	0	(0 0.0093083 0)	0.645945	(0.246029 0.0141661 2.4581e-20)
1385	Ua	0	(0 0.0093083 0)	0.645968	(0.246029 0.0141661 2.4581e-20)
1386	Ua	0	(0 0.0093083 0)	0.64599	(0.246029 0.0141661 2.4581e-20)
1387	Ua	0	(0 0.0093083 0)	0.646012	(0.246029 0.0141661 2.4581e-20)
1388	Ua	0	(0 0.0093083 0)	0.646032	(0.246029 0.0141661 2.4581e-20)
1389	Ua	0	(0 0.0093083 0)	0.646052	(0.246029 0.0141661 2.4581e-20)
1390	Ua	0	(0 0.0093083 0)	0.646071	(0.246029 0.0141661 2.4581e-20)
1391	Ua	0	(0 0.0093083 0)	0.646089	(0.246029 0.0141661 2.4581e-20)
1392	Ua	0	(0 0.0093083 0)	0.646107	(0.246029 0.0141661 2.4581e-20)
1393	Ua	0	(0 0.0093083 0)	0.646124	(0.246029 0.0141661 2.4581e-20)
1394	Ua	0	(0 0.0093083 0)	0.64614	(0.246029 0.0141661 2.4581e-20)
1395	Ua	0	(0 0.0093083 0)	0.646156	(0.246029 0.0141661 2.4581e-20)
1396	Ua	0	(0 0.0093083 0)	0.646171	(0.246029 0.0141661 2.4581e-20)
1397	Ua	0	(0 0.0093083 0)	0.646185	(0.246029 0.0141661 2.4581e-20)
1398	Ua	0	(0 0.0093083 0)	0.646199	(0.246029 0.0141661 2.4581e-20)
1399	Ua	0	(0 0.0093083 0)	0.646213	(0.246029 0.0141661 2.4581e-20)
1400	Ua	0	(0 0.0093083 0)	0.646225	(0.246029 0.0141661 2.4581e-20)
1401	Ua	0	(0 0.0093083 0)	0.646238	(0.246029 0.0141661 2.4581e-20)
1402	Ua	0	(0 0.0093083 0)	0.64625	(0.246029 0.0141661 2.4581e-20)
1403	Ua	0	(0 0.0093083 0)	0.646261	(0.246029 0.0141661 2.4581e-20)
1404	Ua	0	(0 0.0093083 0)	0.646272	(0.246029 0.0141661 2.4581e-20)
1405	Ua	0	(0 0.0093083 0)	0.646282	(0.246029 0.0141661 2.4581e-20)
1406	Ua	0	(0 0.0093083 0)	0.646292	(0.246029 0.0141661 2.4581e-20)
1407	Ua	0	(0 0.0093083 0)	0.646302	(0.246029 0.0141661 2.4581e-20)
1408	Ua	0	(0 0.0093083 0)	0.646311	(0.246029 0.0141661 2.4581e-20)
1409	Ua	0	(0 0.0093083 0)	0.64632	(0.246029 0.0141661 2.4581e-20)
1410	Ua	0	(0 0.0093083 0)	0.646328	(0.246029 0.0141661 2.4581e-20)
1411	Ua	0	(0 0.0093083 0)	0.646336	(0.246029 0.0141661 2.4581e-20)
1412	Ua	0	(0 0.0093083 0)	0.646344	(0.246029 0.0141661 2.4581e-20)
1413	Ua	0	(0 0.0093083 0)	0.646351	(0.246029 0.0141661 2.4581e-20)
1414	Ua	0	(0 0.0093083 0)	0.646358	(0.246029 0.0141661 2.4581e-20)
1415	Ua	0	(0 0.0093083 0)	0.646365	(0.246029 0.0141661 2.4581e-20)
1416	Ua	0	(0 0.0093083 0)	0.646371	(0.246029 0.0141661 2.4581e-20)
1417	Ua	0	(0 0.0093083 0)	0.646378	(0.246029 0.0141661 2.4581e-20)
1418	Ua	0	(0 0.0093083 0)	0.646383	(0.246029 0.0141661 2.4581e-20)
1419	Ua	0	(0 0.0093083 0)	0.646389	(0.246029 0.0141661 2.4581e-20)
1420	Ua	0	(0 0.0093083 0)	0.646394	(0.246029 0.0141661 2.4581e-20)
1421	Ua	0	(0 0.0093083 0)	0.646399	(0.246029 0.0141661 2.4581e-20)
1422	Ua	0	(0 0.0093083 0)	0.646404	(0.246029 0.0141661 2.4581e-20)
1423	Ua	0	(0 0.0093083 0)	0.646409	(0.246029 0.0141661 2.4581e-20)
1424	Ua	0	(0 0.0093083 0)	0.646413	(0.246029 0.0141661 2.4581e-20)
1425	Ua	0	(0 0.0093083 0)	0.646417	(0.246029 0.0141661 2.4581e-20)
1426	Ua	0	(0 0.0093083 0)	0.646421	(0.246029 0.0141661 2.4581e-20)
1427	Ua	0	(0 0.0093083 0)	0.646425	(0.246029 0.0141661 2.4581e-20)
1428	Ua	0	(0 0.0093083 0)	0.646428	(0.246029 0.0141661 2.4581e-20)
1429	Ua	0	(0 0.0093083 0)	0.646431	(0.246029 0.0141661 2.4581e-20)
1430	Ua	0	(0 0.0093083 0)	0.646435	(0.246029 0.0141661 2.4581e-20)
1431	Ua	0	(0 0.0093083 0)	0.646437	(0.246029 0.0141661 2.4581e-20)
1432	Ua	0	(0 0.0093083 0)	0.64644	(0.246029 0.0141661 2.4581e-20)
1433	Ua	0	(0 0.0093083 0)	0.646443	(0.246029 0.0141661 2.4581e-20)
1434	Ua	0	(0 0.0093083 0)	0.646445	(0.246029 0.0141661 2.4581e-20)
1435	Ua	0	(0 0.0093083 0)	0.646448	(0.246029 0.0141661 2.4581e-20)
1436	Ua	0	(0 0.0093083 0)	0.64645	(0.246029 0.0141661 2.4581e-20)
1437	Ua	0	(0 0.0093083 0)	0.646452	(0.246029 0.0141661 2.4581e-20)
1438	Ua	0	(0 0.0093083 0)	0.646454	(0.246029 0.0141661 2.4581e-20)
1439	Ua	0	(0 0.0093083 0)	0.646455	(0.246029 0.0141661 2.4581e-20)
1440	Ua	0	(0 0.0093083 0)	0.646457	(0.246029 0.0141661 2.4581e-20)
1441	Ua	0	(0 0.0093083 0)	0.646458	(0.246029 0.0141661 2.4581e-20)
1442	Ua	0	(0 0.0093083 0)	0.64646	(0.246029 0.0141661 2.4581e-20)
1443	Ua	0	(0 0.0093083 0)	0.646461	(0.246029 0.0141661 2.4581e-20)
1444	Ua	0	(0 0.0093083 0)	0.646462	(0.246029 0.0141661 2.4581e-20)
1445	Ua	0	(0 0.0093083 0)	0.646463	(0.246029 0.0141661 2.4581e-20)
1446	Ua	0	(0 0.0093083 0)	0.646464	(0.246029 0.0141661 2.4581e-20)
1447	Ua	0	(0 0.0093083 0)	0.646465	(0.246029 0.0141661 2.4581e-20)
1448	Ua	0	(0 0.0093083 0)	0.646465	(0.246029 0.0141661 2.4581e-20)
1449	Ua	0	(0 0.0093083 0)	0.646466	(0.246029 0.0141661 2.4581e-20)
1450	Ua	0	(0 0.0093083 0)	0.646467	(0.246029 0.0141661 2.4581e-20)
1451	Ua	0	(0 0.0093083 0)	0.646467	(0.246029 0.0141661 2.4581e-20)
1452	Ua	0	(0 0.0093083 0)	0.646468	(0.246029 0.0141661 2.4581e-20)
1453	Ua	0	(0 0.0093083 0)	0.646468	(0.246029 0.0141661 2.4581e-20)
1454	Ua	0	(0 0.0093083 0)	0.646468	(0.246029 0.0141661 2.4581e-20)
1455	Ua	0	(0 0.0093083 0)	0.646468	(0.246029 0.0141661 2.4581e-20)
1456	Ua	0	(0 0.0093083 0)	0.646468	(0.246029 0.0141661 2.4581e-20)
1457	Ua	0	(0 0.0093083 0)	0.646468	(0.246029 0.0141661 2.4581e-20)
1458	Ua	0	(0 0.0093083 0)	0.646468	(0.246029 0.0141661 2.4581e-20)
1459	Ua	0	(0 0.0093083 0)	0.646468	(0.246029 0.0141661 2.4581e-20)
1460	Ua	0	(0 0.0093083 0)	0.646468	(0.246029 0.0141661 2.4581e-20)
1461	Ua	0	(0 0.0093083 0)	0.646468	(0.246029 0.0141661 2.4581e-20)
1462	Ua	0	(0 0.0093083 0)	0.646468	(0.246029 0.0141661 2.4581e-20)
1463	Ua	0	(0 0.0093083 0)	0.646467	(0.246029 0.0141661 2.4581e-20)
1464	Ua	0	(0 0.0093083 0)	0.646467	(0.246029 0.0141661 2.4581e-20)
1465	Ua	0	(0 0.0093083 0)	0.646467	(0.246029 0.0141661 2.4581e-20)
1466	Ua	0	(0 0.0093083 0)	0.646466	(0.246029 0.0141661 2.4581e-20)
1467	Ua	0	(0 0.0093083 0)	0.646466	(0.246029 0.0141661 2.4581e-20)
1468	Ua	0	(0 0.0093083 0)	0.646465	(0.246029 0.0141661 2.4581e-20)
1469	Ua	0	(0 0.0093083 0)	0.646465	(0.246029 0.0141661 2.4581e-20)
1470	Ua	0	(0 0.0093083 0)	0.646464	(0.246029 0.0141661 2.4581e-20)
1471	Ua	0	(0 0.0093083 0)	0.646464	(0.246029 0.0141661 2.4581e-20)
1472	Ua	0	(0 0.0093083 0)	0.646463	(0.246029 0.0141661 2.4581e-20)
1473	Ua	0	(0 0.0093083 0)	0.646462	(0.246029 0.0141661 2.4581e-20)
1474	Ua	0	(0 0.0093083 0)	0.646462	(0.246029 0.0141661 2.4581e-20)
1475	Ua	0	(0 0.0093083 0)	0.646461	(0.246029 0.0141661 2.4581e-20)
1476	Ua	0	(0 0.0093083 0)	0.64646	(0.246029 0.0141661 2.4581e-20)
1477	Ua	0	(0 0.0093083 0)	0.646459	(0.246029 0.0141661 2.4581e-20)
1478	Ua	0	(0 0.0093083 0)	0.646458	(0.246029 0.0141661 2.4581e-20)
1479	Ua	0	(0 0.0093083 0)	0.646458	(0.246029 0.0141661 2.4581e-20)
1480	Ua	0	(0 0.0093083 0)	0.646457	(0.246029 0.0141661 2.4581e-20)
1481	Ua	0	(0 0.0093083 0)	0.646456	(0.246029 0.0141661 2.4581e-20)
1482	Ua	0	(0 0.0093083 0)	0.646455	(0.246029 0.0141661 2.4581e-20)
1483	Ua	0	(0 0.0093083 0)	0.646454	(0.246029 0.0141661 2.4581e-20)
1484	Ua	0	(0 0.0093083 0)	0.646453	(0.246029 0.0141661 2.4581e-20)
1485	Ua	0	(0 0.0093083 0)	0.646452	(0.246029 0.0141661 2.4581e-20)
1486	Ua	0	(0 0.0093083 0)	0.646451	(0.246029 0.0141661 2.4581e-20)
1487	Ua	0	(0 0.0093083 0)	0.64645	(0.246029 0.0141661 2.4581e-20)
1488	Ua	0	(0 0.0093083 0)	0.646449	(0.246029 0.0141661 2.4581e-20)
1489	Ua	0	(0 0.0093083 0)	0.646448	(0.246029 0.0141661 2.4581e-20)
1490	Ua	0	(0 0.0093083 0)	0.646447	(0.246029 0.0141661 2.4581e-20)
1491	Ua	0	(0 0.0093083 0)	0.646447	(0.246029 0.0141661 2.4581e-20)
1492	Ua	0	(0 0.0093083 0)	0.646445	(0.246029 0.0141661 2.4581e-20)
1493	Ua	0	(0 0.0093083 0)	0.646444	(0.246029 0.0141661 2.4581e-20)
1494	Ua	0	(0 0.0093083 0)	0.646443	(0.246029 0.0141661 2.4581e-20)
1495	Ua	0	(0 0.0093083 0)	0.646442	(0.246029 0.0141661 2.4581e-20)
1496	Ua	0	(0 0.0093083 0)	0.646441	(0.246029 0.0141661 2.4581e-20)
1497	Ua	0	(0 0.0093083 0)	0.64644	(0.246029 0.0141661 2.4581e-20)
1498	Ua	0	(0 0.0093083 0)	0.646439	(0.246029 0.0141661 2.4581e-20)
1499	Ua	0	(0 0.0093083 0)	0.646438	(0.246029 0.0141661 2.4581e-20)
1500	Ua	0	(0 0.0093083 0)	0.646437	(0.246029 0.0141661 2.4581e-20)
1501	Ua	0	(0 0.0093083 0)	0.646436	(0.246029 0.0141661 2.4581e-20)
1502	Ua	0	(0 0.0093083 0)	0.646435	(0.246029 0.0141661 2.4581e-20)
1503	Ua	0	(0 0.0093083 0)	0.646434	(0.246029 0.0141661 2.4581e-20)
1504	Ua	0	(0 0.0093083 0)	0.646433	(0.246029 0.0141661 2.4581e-20)
1505	Ua	0	(0 0.0093083 0)	0.646432	(0.246029 0.0141661 2.4581e-20)
1506	Ua	0	(0 0.0093083 0)	0.646431	(0.246029 0.0141661 2.4581e-20)
1507	Ua	0	(0 0.0093083 0)	0.64643	(0.246029 0.0141661 2.4581e-20)
1508	Ua	0	(0 0.0093083 0)	0.646429	(0.246029 0.0141661 2.4581e-20)
1509	Ua	0	(0 0.0093083 0)	0.646428	(0.246029 0.0141661 2.4581e-20)
1510	Ua	0	(0 0.0093083 0)	0.646427	(0.246029 0.0141661 2.4581e-20)
1511	Ua	0	(0 0.0093083 0)	0.646426	(0.246029 0.0141661 2.4581e-20)
1512	Ua	0	(0 0.0093083 0)	0.646425	(0.246029 0.0141661 2.4581e-20)
1513	Ua	0	(0 0.0093083 0)	0.646424	(0.246029 0.0141661 2.4581e-20)
1514	Ua	0	(0 0.0093083 0)	0.646423	(0.246029 0.0141661 2.4581e-20)
1515	Ua	0	(0 0.0093083 0)	0.646422	(0.246029 0.0141661 2.4581e-20)
1516	Ua	0	(0 0.0093083 0)	0.646421	(0.246029 0.0141661 2.4581e-20)
1517	Ua	0	(0 0.0093083 0)	0.646419	(0.246029 0.0141661 2.4581e-20)
1518	Ua	0	(0 0.0093083 0)	0.646418	(0.246029 0.0141661 2.4581e-20)
1519	Ua	0	(0 0.0093083 0)	0.646417	(0.246029 0.0141661 2.4581e-20)
1520	Ua	0	(0 0.0093083 0)	0.646416	(0.246029 0.0141661 2.4581e-20)
1521	Ua	0	(0 0.0093083 0)	0.646415	(0.246029 0.0141661 2.4581e-20)
1522	Ua	0	(0 0.0093083 0)	0.646414	(0.246029 0.0141661 2.4581e-20)
1523	Ua	0	(0 0.0093083 0)	0.646413	(0.246029 0.0141661 2.4581e-20)
1524	Ua	0	(0 0.0093083 0)	0.646412	(0.246029 0.0141661 2.4581e-20)
1525	Ua	0	(0 0.0093083 0)	0.646411	(0.246029 0.0141661 2.4581e-20)
1526	Ua	0	(0 0.0093083 0)	0.64641	(0.246029 0.0141661 2.4581e-20)
1527	Ua	0	(0 0.0093083 0)	0.64641	(0.246029 0.0141661 2.4581e-20)
1528	Ua	0	(0 0.0093083 0)	0.646409	(0.246029 0.0141661 2.4581e-20)
1529	Ua	0	(0 0.0093083 0)	0.646408	(0.246029 0.0141661 2.4581e-20)
1530	Ua	0	(0 0.0093083 0)	0.646407	(0.246029 0.0141661 2.4581e-20)
1531	Ua	0	(0 0.0093083 0)	0.646406	(0.246029 0.0141661 2.4581e-20)
1532	Ua	0	(0 0.0093083 0)	0.646405	(0.246029 0.0141661 2.4581e-20)
1533	Ua	0	(0 0.0093083 0)	0.646404	(0.246029 0.0141661 2.4581e-20)
1534	Ua	0	(0 0.0093083 0)	0.646403	(0.246029 0.0141661 2.4581e-20)
1535	Ua	0	(0 0.0093083 0)	0.646402	(0.246029 0.0141661 2.4581e-20)
1536	Ua	0	(0 0.0093083 0)	0.646401	(0.246029 0.0141661 2.4581e-20)
1537	Ua	0	(0 0.0093083 0)	0.6464	(0.246029 0.0141661 2.4581e-20)
1538	Ua	0	(0 0.0093083 0)	0.646399	(0.246029 0.0141661 2.4581e-20)
1539	Ua	0	(0 0.0093083 0)	0.646398	(0.246029 0.0141661 2.4581e-20)
1540	Ua	0	(0 0.0093083 0)	0.646398	(0.246029 0.0141661 2.4581e-20)
1541	Ua	0	(0 0.0093083 0)	0.646397	(0.246029 0.0141661 2.4581e-20)
1542	Ua	0	(0 0.0093083 0)	0.646396	(0.246029 0.0141661 2.4581e-20)
1543	Ua	0	(0 0.0093083 0)	0.646395	(0.246029 0.0141661 2.4581e-20)
1544	Ua	0	(0 0.0093083 0)	0.646394	(0.246029 0.0141661 2.4581e-20)
1545	Ua	0	(0 0.0093083 0)	0.646393	(0.246029 0.0141661 2.4581e-20)
1546	Ua	0	(0 0.0093083 0)	0.646392	(0.246029 0.0141661 2.4581e-20)
1547	Ua	0	(0 0.0093083 0)	0.646392	(0.246029 0.0141661 2.4581e-20)
1548	Ua	0	(0 0.0093083 0)	0.646391	(0.246029 0.0141661 2.4581e-20)
1549	Ua	0	(0 0.0093083 0)	0.64639	(0.246029 0.0141661 2.4581e-20)
1550	Ua	0	(0 0.0093083 0)	0.646389	(0.246029 0.0141661 2.4581e-20)
1551	Ua	0	(0 0.0093083 0)	0.646388	(0.246029 0.0141661 2.4581e-20)
1552	Ua	0	(0 0.0093083 0)	0.646388	(0.246029 0.0141661 2.4581e-20)
1553	Ua	0	(0 0.0093083 0)	0.646387	(0.246029 0.0141661 2.4581e-20)
1554	Ua	0	(0 0.0093083 0)	0.646386	(0.246029 0.0141661 2.4581e-20)
1555	Ua	0	(0 0.0093083 0)	0.646385	(0.246029 0.0141661 2.4581e-20)
1556	Ua	0	(0 0.0093083 0)	0.646385	(0.246029 0.0141661 2.4581e-20)
1557	Ua	0	(0 0.0093083 0)	0.646384	(0.246029 0.0141661 2.4581e-20)
1558	Ua	0	(0 0.0093083 0)	0.646383	(0.246029 0.0141661 2.4581e-20)
1559	Ua	0	(0 0.0093083 0)	0.646382	(0.246029 0.0141661 2.4581e-20)
1560	Ua	0	(0 0.0093083 0)	0.646382	(0.246029 0.0141661 2.4581e-20)
1561	Ua	0	(0 0.0093083 0)	0.646381	(0.246029 0.0141661 2.4581e-20)
1562	Ua	0	(0 0.0093083 0)	0.64638	(0.246029 0.0141661 2.4581e-20)
1563	Ua	0	(0 0.0093083 0)	0.64638	(0.246029 0.0141661 2.4581e-20)
1564	Ua	0	(0 0.0093083 0)	0.646379	(0.246029 0.0141661 2.4581e-20)
1565	Ua	0	(0 0.0093083 0)	0.646378	(0.246029 0.0141661 2.4581e-20)
1566	Ua	0	(0 0.0093083 0)	0.646378	(0.246029 0.0141661 2.4581e-20)
1567	Ua	0	(0 0.0093083 0)	0.646377	(0.246029 0.0141661 2.4581e-20)
1568	Ua	0	(0 0.0093083 0)	0.646376	(0.246029 0.0141661 2.4581e-20)
1569	Ua	0	(0 0.0093083 0)	0.646376	(0.246029 0.0141661 2.4581e-20)
1570	Ua	0	(0 0.0093083 0)	0.646375	(0.246029 0.0141661 2.4581e-20)
1571	Ua	0	(0 0.0093083 0)	0.646374	(0.246029 0.0141661 2.4581e-20)
1572	Ua	0	(0 0.0093083 0)	0.646374	(0.246029 0.0141661 2.4581e-20)
1573	Ua	0	(0 0.0093083 0)	0.646373	(0.246029 0.0141661 2.4581e-20)
1574	Ua	0	(0 0.0093083 0)	0.646372	(0.246029 0.0141661 2.4581e-20)
1575	Ua	0	(0 0.0093083 0)	0.646372	(0.246029 0.0141661 2.4581e-20)
1576	Ua	0	(0 0.0093083 0)	0.646371	(0.246029 0.0141661 2.4581e-20)
1577	Ua	0	(0 0.0093083 0)	0.646371	(0.246029 0.0141661 2.4581e-20)
1578	Ua	0	(0 0.0093083 0)	0.64637	(0.246029 0.0141661 2.4581e-20)
1579	Ua	0	(0 0.0093083 0)	0.646369	(0.246029 0.0141661 2.4581e-20)
1580	Ua	0	(0 0.0093083 0)	0.646369	(0.246029 0.0141661 2.4581e-20)
1581	Ua	0	(0 0.0093083 0)	0.646368	(0.246029 0.0141661 2.4581e-20)
1582	Ua	0	(0 0.0093083 0)	0.646368	(0.246029 0.0141661 2.4581e-20)
1583	Ua	0	(0 0.0093083 0)	0.646367	(0.246029 0.0141661 2.4581e-20)
1584	Ua	0	(0 0.0093083 0)	0.646367	(0.246029 0.0141661 2.4581e-20)
1585	Ua	0	(0 0.0093083 0)	0.646366	(0.246029 0.0141661 2.4581e-20)
1586	Ua	0	(0 0.0093083 0)	0.646366	(0.246029 0.0141661 2.4581e-20)
1587	Ua	0	(0 0.0093083 0)	0.646365	(0.246029 0.0141661 2.4581e-20)
1588	Ua	0	(0 0.0093083 0)	0.646365	(0.246029 0.0141661 2.4581e-20)
1589	Ua	0	(0 0.0093083 0)	0.646364	(0.246029 0.0141661 2.4581e-20)
1590	Ua	0	(0 0.0093083 0)	0.646364	(0.246029 0.0141661 2.4581e-20)
1591	Ua	0	(0 0.0093083 0)	0.646363	(0.246029 0.0141661 2.4581e-20)
1592	Ua	0	(0 0.0093083 0)	0.646363	(0.246029 0.0141661 2.4581e-20)
1593	Ua	0	(0 0.0093083 0)	0.646362	(0.246029 0.0141661 2.4581e-20)
1594	Ua	0	(0 0.0093083 0)	0.646362	(0.246029 0.0141661 2.4581e-20)
1595	Ua	0	(0 0.0093083 0)	0.646361	(0.246029 0.0141661 2.4581e-20)
1596	Ua	0	(0 0.0093083 0)	0.646361	(0.246029 0.0141661 2.4581e-20)
1597	Ua	0	(0 0.0093083 0)	0.64636	(0.246029 0.0141661 2.4581e-20)
1598	Ua	0	(0 0.0093083 0)	0.64636	(0.246029 0.0141661 2.4581e-20)
1599	Ua	0	(0 0.0093083 0)	0.646359	(0.246029 0.0141661 2.4581e-20)
1600	Ua	0	(0 0.0093083 0)	0.646359	(0.246029 0.0141661 2.4581e-20)
1601	Ua	0	(0 0.0093083 0)	0.646358	(0.246029 0.0141661 2.4581e-20)
1602	Ua	0	(0 0.0093083 0)	0.646358	(0.246029 0.0141661 2.4581e-20)
1603	Ua	0	(0 0.0093083 0)	0.646358	(0.246029 0.0141661 2.4581e-20)
1604	Ua	0	(0 0.0093083 0)	0.646357	(0.246029 0.0141661 2.4581e-20)
1605	Ua	0	(0 0.0093083 0)	0.646357	(0.246029 0.0141661 2.4581e-20)
1606	Ua	0	(0 0.0093083 0)	0.646356	(0.246029 0.0141661 2.4581e-20)
1607	Ua	0	(0 0.0093083 0)	0.646356	(0.246029 0.0141661 2.4581e-20)
1608	Ua	0	(0 0.0093083 0)	0.646355	(0.246029 0.0141661 2.4581e-20)
1609	Ua	0	(0 0.0093083 0)	0.646355	(0.246029 0.0141661 2.4581e-20)
1610	Ua	0	(0 0.0093083 0)	0.646355	(0.246029 0.0141661 2.4581e-20)
1611	Ua	0	(0 0.0093083 0)	0.646354	(0.246029 0.0141661 2.4581e-20)
1612	Ua	0	(0 0.0093083 0)	0.646354	(0.246029 0.0141661 2.4581e-20)
1613	Ua	0	(0 0.0093083 0)	0.646354	(0.246029 0.0141661 2.4581e-20)
1614	Ua	0	(0 0.0093083 0)	0.646353	(0.246029 0.0141661 2.4581e-20)
1615	Ua	0	(0 0.0093083 0)	0.646353	(0.246029 0.0141661 2.4581e-20)
1616	Ua	0	(0 0.0093083 0)	0.646352	(0.246029 0.0141661 2.4581e-20)
1617	Ua	0	(0 0.0093083 0)	0.646352	(0.246029 0.0141661 2.4581e-20)
1618	Ua	0	(0 0.0093083 0)	0.646352	(0.246029 0.0141661 2.4581e-20)
1619	Ua	0	(0 0.0093083 0)	0.646351	(0.246029 0.0141661 2.4581e-20)
1620	Ua	0	(0 0.0093083 0)	0.646351	(0.246029 0.0141661 2.4581e-20)
1621	Ua	0	(0 0.0093083 0)	0.646351	(0.246029 0.0141661 2.4581e-20)
1622	Ua	0	(0 0.0093083 0)	0.64635	(0.246029 0.0141661 2.4581e-20)
1623	Ua	0	(0 0.0093083 0)	0.64635	(0.246029 0.0141661 2.4581e-20)
1624	Ua	0	(0 0.0093083 0)	0.64635	(0.246029 0.0141661 2.4581e-20)
1625	Ua	0	(0 0.0093083 0)	0.646349	(0.246029 0.0141661 2.4581e-20)
1626	Ua	0	(0 0.0093083 0)	0.646349	(0.246029 0.0141661 2.4581e-20)
1627	Ua	0	(0 0.0093083 0)	0.646349	(0.246029 0.0141661 2.4581e-20)
1628	Ua	0	(0 0.0093083 0)	0.646348	(0.246029 0.0141661 2.4581e-20)
1629	Ua	0	(0 0.0093083 0)	0.646348	(0.246029 0.0141661 2.4581e-20)
1630	Ua	0	(0 0.0093083 0)	0.646348	(0.246029 0.0141661 2.4581e-20)
1631	Ua	0	(0 0.0093083 0)	0.646348	(0.246029 0.0141661 2.4581e-20)
1632	Ua	0	(0 0.0093083 0)	0.646347	(0.246029 0.0141661 2.4581e-20)
1633	Ua	0	(0 0.0093083 0)	0.646347	(0.246029 0.0141661 2.4581e-20)
1634	Ua	0	(0 0.0093083 0)	0.646347	(0.246029 0.0141661 2.4581e-20)
1635	Ua	0	(0 0.0093083 0)	0.646346	(0.246029 0.0141661 2.4581e-20)
1636	Ua	0	(0 0.0093083 0)	0.646346	(0.246029 0.0141661 2.4581e-20)
1637	Ua	0	(0 0.0093083 0)	0.646346	(0.246029 0.0141661 2.4581e-20)
1638	Ua	0	(0 0.0093083 0)	0.646346	(0.246029 0.0141661 2.4581e-20)
1639	Ua	0	(0 0.0093083 0)	0.646345	(0.246029 0.0141661 2.4581e-20)
1640	Ua	0	(0 0.0093083 0)	0.646345	(0.246029 0.0141661 2.4581e-20)
1641	Ua	0	(0 0.0093083 0)	0.646345	(0.246029 0.0141661 2.4581e-20)
1642	Ua	0	(0 0.0093083 0)	0.646345	(0.246029 0.0141661 2.4581e-20)
1643	Ua	0	(0 0.0093083 0)	0.646344	(0.246029 0.0141661 2.4581e-20)
1644	Ua	0	(0 0.0093083 0)	0.646344	(0.246029 0.0141661 2.4581e-20)
1645	Ua	0	(0 0.0093083 0)	0.646344	(0.246029 0.0141661 2.4581e-20)
1646	Ua	0	(0 0.0093083 0)	0.646344	(0.246029 0.0141661 2.4581e-20)
1647	Ua	0	(0 0.0093083 0)	0.646343	(0.246029 0.0141661 2.4581e-20)
1648	Ua	0	(0 0.0093083 0)	0.646343	(0.246029 0.0141661 2.4581e-20)
1649	Ua	0	(0 0.0093083 0)	0.646343	(0.246029 0.0141661 2.4581e-20)
1650	Ua	0	(0 0.0093083 0)	0.646343	(0.246029 0.0141661 2.4581e-20)
1651	Ua	0	(0 0.0093083 0)	0.646342	(0.246029 0.0141661 2.4581e-20)
1652	Ua	0	(0 0.0093083 0)	0.646342	(0.246029 0.0141661 2.4581e-20)
1653	Ua	0	(0 0.0093083 0)	0.646342	(0.246029 0.0141661 2.4581e-20)
1654	Ua	0	(0 0.0093083 0)	0.646342	(0.246029 0.0141661 2.4581e-20)
1655	Ua	0	(0 0.0093083 0)	0.646341	(0.246029 0.0141661 2.4581e-20)
1656	Ua	0	(0 0.0093083 0)	0.646341	(0.246029 0.0141661 2.4581e-20)
1657	Ua	0	(0 0.0093083 0)	0.646341	(0.246029 0.0141661 2.4581e-20)
1658	Ua	0	(0 0.0093083 0)	0.646341	(0.246029 0.0141661 2.4581e-20)
1659	Ua	0	(0 0.0093083 0)	0.646341	(0.246029 0.0141661 2.4581e-20)
1660	Ua	0	(0 0.0093083 0)	0.64634	(0.246029 0.0141661 2.4581e-20)
1661	Ua	0	(0 0.0093083 0)	0.64634	(0.246029 0.0141661 2.4581e-20)
1662	Ua	0	(0 0.0093083 0)	0.64634	(0.246029 0.0141661 2.4581e-20)
1663	Ua	0	(0 0.0093083 0)	0.64634	(0.246029 0.0141661 2.4581e-20)
1664	Ua	0	(0 0.0093083 0)	0.64634	(0.246029 0.0141661 2.4581e-20)
1665	Ua	0	(0 0.0093083 0)	0.646339	(0.246029 0.0141661 2.4581e-20)
1666	Ua	0	(0 0.0093083 0)	0.646339	(0.246029 0.0141661 2.4581e-20)
1667	Ua	0	(0 0.0093083 0)	0.646339	(0.246029 0.0141661 2.4581e-20)
1668	Ua	0	(0 0.0093083 0)	0.646339	(0.246029 0.0141661 2.4581e-20)
1669	Ua	0	(0 0.0093083 0)	0.646339	(0.246029 0.0141661 2.4581e-20)
1670	Ua	0	(0 0.0093083 0)	0.646339	(0.246029 0.0141661 2.4581e-20)
1671	Ua	0	(0 0.0093083 0)	0.646338	(0.246029 0.0141661 2.4581e-20)
1672	Ua	0	(0 0.0093083 0)	0.646338	(0.246029 0.0141661 2.4581e-20)
1673	Ua	0	(0 0.0093083 0)	0.646338	(0.246029 0.0141661 2.4581e-20)
1674	Ua	0	(0 0.0093083 0)	0.646338	(0.246029 0.0141661 2.4581e-20)
1675	Ua	0	(0 0.0093083 0)	0.646338	(0.246029 0.0141661 2.4581e-20)
1676	Ua	0	(0 0.0093083 0)	0.646337	(0.246029 0.0141661 2.4581e-20)
1677	Ua	0	(0 0.0093083 0)	0.646337	(0.246029 0.0141661 2.4581e-20)
1678	Ua	0	(0 0.0093083 0)	0.646337	(0.246029 0.0141661 2.4581e-20)
1679	Ua	0	(0 0.0093083 0)	0.646337	(0.246029 0.0141661 2.4581e-20)
1680	Ua	0	(0 0.0093083 0)	0.646337	(0.246029 0.0141661 2.4581e-20)
1681	Ua	0	(0 0.0093083 0)	0.646337	(0.246029 0.0141661 2.4581e-20)
1682	Ua	0	(0 0.0093083 0)	0.646337	(0.246029 0.0141661 2.4581e-20)
1683	Ua	0	(0 0.0093083 0)	0.646336	(0.246029 0.0141661 2.4581e-20)
1684	Ua	0	(0 0.0093083 0)	0.646336	(0.246029 0.0141661 2.4581e-20)
1685	Ua	0	(0 0.0093083 0)	0.646336	(0.246029 0.0141661 2.4581e-20)
1686	Ua	0	(0 0.0093083 0)	0.646336	(0.246029 0.0141661 2.4581e-20)
1687	Ua	0	(0 0.0093083 0)	0.646336	(0.246029 0.0141661 2.4581e-20)
1688	Ua	0	(0 0.0093083 0)	0.646336	(0.246029 0.0141661 2.4581e-20)
1689	Ua	0	(0 0.0093083 0)	0.646336	(0.246029 0.0141661 2.4581e-20)
1690	Ua	0	(0 0.0093083 0)	0.646335	(0.246029 0.0141661 2.4581e-20)
1691	Ua	0	(0 0.0093083 0)	0.646335	(0.246029 0.0141661 2.4581e-20)
1692	Ua	0	(0 0.0093083 0)	0.646335	(0.246029 0.0141661 2.4581e-20)
1693	Ua	0	(0 0.0093083 0)	0.646335	(0.246029 0.0141661 2.4581e-20)
1694	Ua	0	(0 0.0093083 0)	0.646335	(0.246029 0.0141661 2.4581e-20)
1695	Ua	0	(0 0.0093083 0)	0.646335	(0.246029 0.0141661 2.4581e-20)
1696	Ua	0	(0 0.0093083 0)	0.646335	(0.246029 0.0141661 2.4581e-20)
1697	Ua	0	(0 0.0093083 0)	0.646334	(0.246029 0.0141661 2.4581e-20)
1698	Ua	0	(0 0.0093083 0)	0.646334	(0.246029 0.0141661 2.4581e-20)
1699	Ua	0	(0 0.0093083 0)	0.646334	(0.246029 0.0141661 2.4581e-20)
1700	Ua	0	(0 0.0093083 0)	0.646334	(0.246029 0.0141661 2.4581e-20)
1701	Ua	0	(0 0.0093083 0)	0.646334	(0.246029 0.0141661 2.4581e-20)
1702	Ua	0	(0 0.0093083 0)	0.646334	(0.246029 0.0141661 2.4581e-20)
1703	Ua	0	(0 0.0093083 0)	0.646334	(0.246029 0.0141661 2.4581e-20)
1704	Ua	0	(0 0.0093083 0)	0.646334	(0.246029 0.0141661 2.4581e-20)
1705	Ua	0	(0 0.0093083 0)	0.646333	(0.246029 0.0141661 2.4581e-20)
1706	Ua	0	(0 0.0093083 0)	0.646333	(0.246029 0.0141661 2.4581e-20)
1707	Ua	0	(0 0.0093083 0)	0.646333	(0.246029 0.0141661 2.4581e-20)
1708	Ua	0	(0 0.0093083 0)	0.646333	(0.246029 0.0141661 2.4581e-20)
1709	Ua	0	(0 0.0093083 0)	0.646333	(0.246029 0.0141661 2.4581e-20)
1710	Ua	0	(0 0.0093083 0)	0.646333	(0.246029 0.0141661 2.4581e-20)
1711	Ua	0	(0 0.0093083 0)	0.646333	(0.246029 0.0141661 2.4581e-20)
1712	Ua	0	(0 0.0093083 0)	0.646333	(0.246029 0.0141661 2.4581e-20)
1713	Ua	0	(0 0.0093083 0)	0.646333	(0.246029 0.0141661 2.4581e-20)
1714	Ua	0	(0 0.0093083 0)	0.646333	(0.246029 0.0141661 2.4581e-20)
1715	Ua	0	(0 0.0093083 0)	0.646332	(0.246029 0.0141661 2.4581e-20)
1716	Ua	0	(0 0.0093083 0)	0.646332	(0.246029 0.0141661 2.4581e-20)
1717	Ua	0	(0 0.0093083 0)	0.646332	(0.246029 0.0141661 2.4581e-20)
1718	Ua	0	(0 0.0093083 0)	0.646332	(0.246029 0.0141661 2.4581e-20)
1719	Ua	0	(0 0.0093083 0)	0.646332	(0.246029 0.0141661 2.4581e-20)
1720	Ua	0	(0 0.0093083 0)	0.646332	(0.246029 0.0141661 2.4581e-20)
1721	Ua	0	(0 0.0093083 0)	0.646332	(0.246029 0.0141661 2.4581e-20)
1722	Ua	0	(0 0.0093083 0)	0.646332	(0.246029 0.0141661 2.4581e-20)
1723	Ua	0	(0 0.0093083 0)	0.646332	(0.246029 0.0141661 2.4581e-20)
1724	Ua	0	(0 0.0093083 0)	0.646332	(0.246029 0.0141661 2.4581e-20)
1725	Ua	0	(0 0.0093083 0)	0.646331	(0.246029 0.0141661 2.4581e-20)
1726	Ua	0	(0 0.0093083 0)	0.646331	(0.246029 0.0141661 2.4581e-20)
1727	Ua	0	(0 0.0093083 0)	0.646331	(0.246029 0.0141661 2.4581e-20)
1728	Ua	0	(0 0.0093083 0)	0.646331	(0.246029 0.0141661 2.4581e-20)
1729	Ua	0	(0 0.0093083 0)	0.646331	(0.246029 0.0141661 2.4581e-20)
1730	Ua	0	(0 0.0093083 0)	0.646331	(0.246029 0.0141661 2.4581e-20)
1731	Ua	0	(0 0.0093083 0)	0.646331	(0.246029 0.0141661 2.4581e-20)
1732	Ua	0	(0 0.0093083 0)	0.646331	(0.246029 0.0141661 2.4581e-20)
1733	Ua	0	(0 0.0093083 0)	0.646331	(0.246029 0.0141661 2.4581e-20)
1734	Ua	0	(0 0.0093083 0)	0.646331	(0.246029 0.0141661 2.4581e-20)
1735	Ua	0	(0 0.0093083 0)	0.646331	(0.246029 0.0141661 2.4581e-20)
1736	Ua	0	(0 0.0093083 0)	0.646331	(0.246029 0.0141661 2.4581e-20)
1737	Ua	0	(0 0.0093083 0)	0.64633	(0.246029 0.0141661 2.4581e-20)
1738	Ua	0	(0 0.0093083 0)	0.64633	(0.246029 0.0141661 2.4581e-20)
1739	Ua	0	(0 0.0093083 0)	0.64633	(0.246029 0.0141661 2.4581e-20)
1740	Ua	0	(0 0.0093083 0)	0.64633	(0.246029 0.0141661 2.4581e-20)
1741	Ua	0	(0 0.0093083 0)	0.64633	(0.246029 0.0141661 2.4581e-20)
1742	Ua	0	(0 0.0093083 0)	0.64633	(0.246029 0.0141661 2.4581e-20)
1743	Ua	0	(0 0.0093083 0)	0.64633	(0.246029 0.0141661 2.4581e-20)
1744	Ua	0	(0 0.0093083 0)	0.64633	(0.246029 0.0141661 2.4581e-20)
1745	Ua	0	(0 0.0093083 0)	0.64633	(0.246029 0.0141661 2.4581e-20)
1746	Ua	0	(0 0.0093083 0)	0.64633	(0.246029 0.0141661 2.4581e-20)
1747	Ua	0	(0 0.0093083 0)	0.64633	(0.246029 0.0141661 2.4581e-20)
1748	Ua	0	(0 0.0093083 0)	0.64633	(0.246029 0.0141661 2.4581e-20)
1749	Ua	0	(0 0.0093083 0)	0.64633	(0.246029 0.0141661 2.4581e-20)
1750	Ua	0	(0 0.0093083 0)	0.64633	(0.246029 0.0141661 2.4581e-20)
1751	Ua	0	(0 0.0093083 0)	0.646329	(0.246029 0.0141661 2.4581e-20)
1752	Ua	0	(0 0.0093083 0)	0.646329	(0.246029 0.0141661 2.4581e-20)
1753	Ua	0	(0 0.0093083 0)	0.646329	(0.246029 0.0141661 2.4581e-20)
1754	Ua	0	(0 0.0093083 0)	0.646329	(0.246029 0.0141661 2.4581e-20)
1755	Ua	0	(0 0.0093083 0)	0.646329	(0.246029 0.0141661 2.4581e-20)
1756	Ua	0	(0 0.0093083 0)	0.646329	(0.246029 0.0141661 2.4581e-20)
1757	Ua	0	(0 0.0093083 0)	0.646329	(0.246029 0.0141661 2.4581e-20)
1758	Ua	0	(0 0.0093083 0)	0.646329	(0.246029 0.0141661 2.4581e-20)
1759	Ua	0	(0 0.0093083 0)	0.646329	(0.246029 0.0141661 2.4581e-20)
1760	Ua	0	(0 0.0093083 0)	0.646329	(0.246029 0.0141661 2.4581e-20)
1761	Ua	0	(0 0.0093083 0)	0.646329	(0.246029 0.0141661 2.4581e-20)
1762	Ua	0	(0 0.0093083 0)	0.646329	(0.246029 0.0141661 2.4581e-20)
1763	Ua	0	(0 0.0093083 0)	0.646329	(0.246029 0.0141661 2.4581e-20)
1764	Ua	0	(0 0.0093083 0)	0.646329	(0.246029 0.0141661 2.4581e-20)
1765	Ua	0	(0 0.0093083 0)	0.646329	(0.246029 0.0141661 2.4581e-20)
1766	Ua	0	(0 0.0093083 0)	0.646329	(0.246029 0.0141661 2.4581e-20)
1767	Ua	0	(0 0.0093083 0)	0.646329	(0.246029 0.0141661 2.4581e-20)
1768	Ua	0	(0 0.0093083 0)	0.646328	(0.246029 0.0141661 2.4581e-20)
1769	Ua	0	(0 0.0093083 0)	0.646328	(0.246029 0.0141661 2.4581e-20)
1770	Ua	0	(0 0.0093083 0)	0.646328	(0.246029 0.0141661 2.4581e-20)
1771	Ua	0	(0 0.0093083 0)	0.646328	(0.246029 0.0141661 2.4581e-20)
1772	Ua	0	(0 0.0093083 0)	0.646328	(0.246029 0.0141661 2.4581e-20)
1773	Ua	0	(0 0.0093083 0)	0.646328	(0.246029 0.0141661 2.4581e-20)
1774	Ua	0	(0 0.0093083 0)	0.646328	(0.246029 0.0141661 2.4581e-20)
1775	Ua	0	(0 0.0093083 0)	0.646328	(0.246029 0.0141661 2.4581e-20)
1776	Ua	0	(0 0.0093083 0)	0.646328	(0.246029 0.0141661 2.4581e-20)
1777	Ua	0	(0 0.0093083 0)	0.646328	(0.246029 0.0141661 2.4581e-20)
1778	Ua	0	(0 0.0093083 0)	0.646328	(0.246029 0.0141661 2.4581e-20)
1779	Ua	0	(0 0.0093083 0)	0.646328	(0.246029 0.0141661 2.4581e-20)
1780	Ua	0	(0 0.0093083 0)	0.646328	(0.246029 0.0141661 2.4581e-20)
1781	Ua	0	(0 0.0093083 0)	0.646328	(0.246029 0.0141661 2.4581e-20)
1782	Ua	0	(0 0.0093083 0)	0.646328	(0.246029 0.0141661 2.4581e-20)
1783	Ua	0	(0 0.0093083 0)	0.646328	(0.246029 0.0141661 2.4581e-20)
1784	Ua	0	(0 0.0093083 0)	0.646328	(0.246029 0.0141661 2.4581e-20)
1785	Ua	0	(0 0.0093083 0)	0.646328	(0.246029 0.0141661 2.4581e-20)
1786	Ua	0	(0 0.0093083 0)	0.646328	(0.246029 0.0141661 2.4581e-20)
1787	Ua	0	(0 0.0093083 0)	0.646328	(0.246029 0.0141661 2.4581e-20)
1788	Ua	0	(0 0.0093083 0)	0.646328	(0.246029 0.0141661 2.4581e-20)
1789	Ua	0	(0 0.0093083 0)	0.646328	(0.246029 0.0141661 2.4581e-20)
1790	Ua	0	(0 0.0093083 0)	0.646327	(0.246029 0.0141661 2.4581e-20)
1791	Ua	0	(0 0.0093083 0)	0.646327	(0.246029 0.0141661 2.4581e-20)
1792	Ua	0	(0 0.0093083 0)	0.646327	(0.246029 0.0141661 2.4581e-20)
1793	Ua	0	(0 0.0093083 0)	0.646327	(0.246029 0.0141661 2.4581e-20)
1794	Ua	0	(0 0.0093083 0)	0.646327	(0.246029 0.0141661 2.4581e-20)
1795	Ua	0	(0 0.0093083 0)	0.646327	(0.246029 0.0141661 2.4581e-20)
1796	Ua	0	(0 0.0093083 0)	0.646327	(0.246029 0.0141661 2.4581e-20)
1797	Ua	0	(0 0.0093083 0)	0.646327	(0.246029 0.0141661 2.4581e-20)
1798	Ua	0	(0 0.0093083 0)	0.646327	(0.246029 0.0141661 2.4581e-20)
1799	Ua	0	(0 0.0093083 0)	0.646327	(0.246029 0.0141661 2.4581e-20)
1800	Ua	0	(0 0.0093083 0)	0.646327	(0.246029 0.0141661 2.4581e-20)
1801	Ua	0	(0 0.0093083 0)	0.646327	(0.246029 0.0141661 2.4581e-20)
1802	Ua	0	(0 0.0093083 0)	0.646327	(0.246029 0.0141661 2.4581e-20)
1803	Ua	0	(0 0.0093083 0)	0.646327	(0.246029 0.0141661 2.4581e-20)
1804	Ua	0	(0 0.0093083 0)	0.646327	(0.246029 0.0141661 2.4581e-20)
1805	Ua	0	(0 0.0093083 0)	0.646327	(0.246029 0.0141661 2.4581e-20)
1806	Ua	0	(0 0.0093083 0)	0.646327	(0.246029 0.0141661 2.4581e-20)
1807	Ua	0	(0 0.0093083 0)	0.646327	(0.246029 0.0141661 2.4581e-20)
1808	Ua	0	(0 0.0093083 0)	0.646327	(0.246029 0.0141661 2.4581e-20)
1809	Ua	0	(0 0.0093083 0)	0.646327	(0.246029 0.0141661 2.4581e-20)
1810	Ua	0	(0 0.0093083 0)	0.646327	(0.246029 0.0141661 2.4581e-20)
1811	Ua	0	(0 0.0093083 0)	0.646327	(0.246029 0.0141661 2.4581e-20)
1812	Ua	0	(0 0.0093083 0)	0.646327	(0.246029 0.0141661 2.4581e-20)
1813	Ua	0	(0 0.0093083 0)	0.646327	(0.246029 0.0141661 2.4581e-20)
1814	Ua	0	(0 0.0093083 0)	0.646327	(0.246029 0.0141661 2.4581e-20)
1815	Ua	0	(0 0.0093083 0)	0.646327	(0.246029 0.0141661 2.4581e-20)
1816	Ua	0	(0 0.0093083 0)	0.646327	(0.246029 0.0141661 2.4581e-20)
1817	Ua	0	(0 0.0093083 0)	0.646327	(0.246029 0.0141661 2.4581e-20)
1818	Ua	0	(0 0.0093083 0)	0.646327	(0.246029 0.0141661 2.4581e-20)
1819	Ua	0	(0 0.0093083 0)	0.646327	(0.246029 0.0141661 2.4581e-20)
1820	Ua	0	(0 0.0093083 0)	0.646326	(0.246029 0.0141661 2.4581e-20)
1821	Ua	0	(0 0.0093083 0)	0.646326	(0.246029 0.0141661 2.4581e-20)
1822	Ua	0	(0 0.0093083 0)	0.646326	(0.246029 0.0141661 2.4581e-20)
1823	Ua	0	(0 0.0093083 0)	0.646326	(0.246029 0.0141661 2.4581e-20)
1824	Ua	0	(0 0.0093083 0)	0.646326	(0.246029 0.0141661 2.4581e-20)
1825	Ua	0	(0 0.0093083 0)	0.646326	(0.246029 0.0141661 2.4581e-20)
1826	Ua	0	(0 0.0093083 0)	0.646326	(0.246029 0.0141661 2.4581e-20)
1827	Ua	0	(0 0.0093083 0)	0.646326	(0.246029 0.0141661 2.4581e-20)
1828	Ua	0	(0 0.0093083 0)	0.646326	(0.246029 0.0141661 2.4581e-20)
1829	Ua	0	(0 0.0093083 0)	0.646326	(0.246029 0.0141661 2.4581e-20)
1830	Ua	0	(0 0.0093083 0)	0.646326	(0.246029 0.0141661 2.4581e-20)
1831	Ua	0	(0 0.0093083 0)	0.646326	(0.246029 0.0141661 2.4581e-20)
1832	Ua	0	(0 0.0093083 0)	0.646326	(0.246029 0.0141661 2.4581e-20)
1833	Ua	0	(0 0.0093083 0)	0.646326	(0.246029 0.0141661 2.4581e-20)
1834	Ua	0	(0 0.0093083 0)	0.646326	(0.246029 0.0141661 2.4581e-20)
1835	Ua	0	(0 0.0093083 0)	0.646326	(0.246029 0.0141661 2.4581e-20)
1836	Ua	0	(0 0.0093083 0)	0.646326	(0.246029 0.0141661 2.4581e-20)
1837	Ua	0	(0 0.0093083 0)	0.646326	(0.246029 0.0141661 2.4581e-20)
1838	Ua	0	(0 0.0093083 0)	0.646326	(0.246029 0.0141661 2.4581e-20)
1839	Ua	0	(0 0.0093083 0)	0.646326	(0.246029 0.0141661 2.4581e-20)
1840	Ua	0	(0 0.0093083 0)	0.646326	(0.246029 0.0141661 2.4581e-20)
1841	Ua	0	(0 0.0093083 0)	0.646326	(0.246029 0.0141661 2.4581e-20)
1842	Ua	0	(0 0.0093083 0)	0.646326	(0.246029 0.0141661 2.4581e-20)
1843	Ua	0	(0 0.0093083 0)	0.646326	(0.246029 0.0141661 2.4581e-20)
1844	Ua	0	(0 0.0093083 0)	0.646326	(0.246029 0.0141661 2.4581e-20)
1845	Ua	0	(0 0.0093083 0)	0.646326	(0.246029 0.0141661 2.4581e-20)
1846	Ua	0	(0 0.0093083 0)	0.646326	(0.246029 0.0141661 2.4581e-20)
1847	Ua	0	(0 0.0093083 0)	0.646326	(0.246029 0.0141661 2.4581e-20)
1848	Ua	0	(0 0.0093083 0)	0.646326	(0.246029 0.0141661 2.4581e-20)
1849	Ua	0	(0 0.0093083 0)	0.646326	(0.246029 0.0141661 2.4581e-20)
1850	Ua	0	(0 0.0093083 0)	0.646326	(0.246029 0.0141661 2.4581e-20)
1851	Ua	0	(0 0.0093083 0)	0.646326	(0.246029 0.0141661 2.4581e-20)
1852	Ua	0	(0 0.0093083 0)	0.646326	(0.246029 0.0141661 2.4581e-20)
1853	Ua	0	(0 0.0093083 0)	0.646326	(0.246029 0.0141661 2.4581e-20)
1854	Ua	0	(0 0.0093083 0)	0.646326	(0.246029 0.0141661 2.4581e-20)
1855	Ua	0	(0 0.0093083 0)	0.646326	(0.246029 0.0141661 2.4581e-20)
1856	Ua	0	(0 0.0093083 0)	0.646326	(0.246029 0.0141661 2.4581e-20)
1857	Ua	0	(0 0.0093083 0)	0.646326	(0.246029 0.0141661 2.4581e-20)
1858	Ua	0	(0 0.0093083 0)	0.646326	(0.246029 0.0141661 2.4581e-20)
1859	Ua	0	(0 0.0093083 0)	0.646326	(0.246029 0.0141661 2.4581e-20)
1860	Ua	0	(0 0.0093083 0)	0.646326	(0.246029 0.0141661 2.4581e-20)
1861	Ua	0	(0 0.0093083 0)	0.646326	(0.246029 0.0141661 2.4581e-20)
1862	Ua	0	(0 0.0093083 0)	0.646326	(0.246029 0.0141661 2.4581e-20)
1863	Ua	0	(0 0.0093083 0)	0.646326	(0.246029 0.0141661 2.4581e-20)
1864	Ua	0	(0 0.0093083 0)	0.646326	(0.246029 0.0141661 2.4581e-20)
1865	Ua	0	(0 0.0093083 0)	0.646326	(0.246029 0.0141661 2.4581e-20)
1866	Ua	0	(0 0.0093083 0)	0.646326	(0.246029 0.0141661 2.4581e-20)
1867	Ua	0	(0 0.0093083 0)	0.646325	(0.246029 0.0141661 2.4581e-20)
1868	Ua	0	(0 0.0093083 0)	0.646325	(0.246029 0.0141661 2.4581e-20)
1869	Ua	0	(0 0.0093083 0)	0.646325	(0.246029 0.0141661 2.4581e-20)
1870	Ua	0	(0 0.0093083 0)	0.646325	(0.246029 0.0141661 2.4581e-20)
1871	Ua	0	(0 0.0093083 0)	0.646325	(0.246029 0.0141661 2.4581e-20)
1872	Ua	0	(0 0.0093083 0)	0.646325	(0.246029 0.0141661 2.4581e-20)
1873	Ua	0	(0 0.0093083 0)	0.646325	(0.246029 0.0141661 2.4581e-20)
1874	Ua	0	(0 0.0093083 0)	0.646325	(0.246029 0.0141661 2.4581e-20)
1875	Ua	0	(0 0.0093083 0)	0.646325	(0.246029 0.0141661 2.4581e-20)
1876	Ua	0	(0 0.0093083 0)	0.646325	(0.246029 0.0141661 2.4581e-20)
1877	Ua	0	(0 0.0093083 0)	0.646325	(0.246029 0.0141661 2.4581e-20)
1878	Ua	0	(0 0.0093083 0)	0.646325	(0.246029 0.0141661 2.4581e-20)
1879	Ua	0	(0 0.0093083 0)	0.646325	(0.246029 0.0141661 2.4581e-20)
1880	Ua	0	(0 0.0093083 0)	0.646325	(0.246029 0.0141661 2.4581e-20)
1881	Ua	0	(0 0.0093083 0)	0.646325	(0.246029 0.0141661 2.4581e-20)
1882	Ua	0	(0 0.0093083 0)	0.646325	(0.246029 0.0141661 2.4581e-20)
1883	Ua	0	(0 0.0093083 0)	0.646325	(0.246029 0.0141661 2.4581e-20)
1884	Ua	0	(0 0.0093083 0)	0.646325	(0.246029 0.0141661 2.4581e-20)
1885	Ua	0	(0 0.0093083 0)	0.646325	(0.246029 0.0141661 2.4581e-20)
1886	Ua	0	(0 0.0093083 0)	0.646325	(0.246029 0.0141661 2.4581e-20)
1887	Ua	0	(0 0.0093083 0)	0.646325	(0.246029 0.0141661 2.4581e-20)
1888	Ua	0	(0 0.0093083 0)	0.646325	(0.246029 0.0141661 2.4581e-20)
1889	Ua	0	(0 0.0093083 0)	0.646325	(0.246029 0.0141661 2.4581e-20)
1890	Ua	0	(0 0.0093083 0)	0.646325	(0.246029 0.0141661 2.4581e-20)
1891	Ua	0	(0 0.0093083 0)	0.646325	(0.246029 0.0141661 2.4581e-20)
1892	Ua	0	(0 0.0093083 0)	0.646325	(0.246029 0.0141661 2.4581e-20)
1893	Ua	0	(0 0.0093083 0)	0.646325	(0.246029 0.0141661 2.4581e-20)
1894	Ua	0	(0 0.0093083 0)	0.646325	(0.246029 0.0141661 2.4581e-20)
1895	Ua	0	(0 0.0093083 0)	0.646325	(0.246029 0.0141661 2.4581e-20)
1896	Ua	0	(0 0.0093083 0)	0.646325	(0.246029 0.0141661 2.4581e-20)
1897	Ua	0	(0 0.0093083 0)	0.646325	(0.246029 0.0141661 2.4581e-20)
1898	Ua	0	(0 0.0093083 0)	0.646325	(0.246029 0.0141661 2.4581e-20)
1899	Ua	0	(0 0.0093083 0)	0.646325	(0.246029 0.0141661 2.4581e-20)
1900	Ua	0	(0 0.0093083 0)	0.646325	(0.246029 0.0141661 2.4581e-20)
1901	Ua	0	(0 0.0093083 0)	0.646325	(0.246029 0.0141661 2.4581e-20)
1902	Ua	0	(0 0.0093083 0)	0.646325	(0.246029 0.0141661 2.4581e-20)
1903	Ua	0	(0 0.0093083 0)	0.646325	(0.246029 0.0141661 2.4581e-20)
1904	Ua	0	(0 0.0093083 0)	0.646325	(0.246029 0.0141661 2.4581e-20)
1905	Ua	0	(0 0.0093083 0)	0.646325	(0.246029 0.0141661 2.4581e-20)
1906	Ua	0	(0 0.0093083 0)	0.646325	(0.246029 0.0141661 2.4581e-20)
1907	Ua	0	(0 0.0093083 0)	0.646325	(0.246029 0.0141661 2.4581e-20)
1908	Ua	0	(0 0.0093083 0)	0.646325	(0.246029 0.0141661 2.4581e-20)
1909	Ua	0	(0 0.0093083 0)	0.646325	(0.246029 0.0141661 2.4581e-20)
1910	Ua	0	(0 0.0093083 0)	0.646325	(0.246029 0.0141661 2.4581e-20)
1911	Ua	0	(0 0.0093083 0)	0.646325	(0.246029 0.0141661 2.4581e-20)
1912	Ua	0	(0 0.0093083 0)	0.646325	(0.246029 0.0141661 2.4581e-20)
1913	Ua	0	(0 0.0093083 0)	0.646325	(0.246029 0.0141661 2.4581e-20)
1914	Ua	0	(0 0.0093083 0)	0.646325	(0.246029 0.0141661 2.4581e-20)
1915	Ua	0	(0 0.0093083 0)	0.646325	(0.246029 0.0141661 2.4581e-20)
1916	Ua	0	(0 0.0093083 0)	0.646325	(0.246029 0.0141661 2.4581e-20)
1917	Ua	0	(0 0.0093083 0)	0.646325	(0.246029 0.0141661 2.4581e-20)
1918	Ua	0	(0 0.0093083 0)	0.646325	(0.246029 0.0141661 2.4581e-20)
1919	Ua	0	(0 0.0093083 0)	0.646325	(0.246029 0.0141661 2.4581e-20)
1920	Ua	0	(0 0.0093083 0)	0.646325	(0.246029 0.0141661 2.4581e-20)
1921	Ua	0	(0 0.0093083 0)	0.646325	(0.246029 0.0141661 2.4581e-20)
1922	Ua	0	(0 0.0093083 0)	0.646325	(0.246029 0.0141661 2.4581e-20)
1923	Ua	0	(0 0.0093083 0)	0.646325	(0.246029 0.0141661 2.4581e-20)
1924	Ua	0	(0 0.0093083 0)	0.646325	(0.246029 0.0141661 2.4581e-20)
1925	Ua	0	(0 0.0093083 0)	0.646325	(0.246029 0.0141661 2.4581e-20)
1926	Ua	0	(0 0.0093083 0)	0.646325	(0.246029 0.0141661 2.4581e-20)
1927	Ua	0	(0 0.0093083 0)	0.646325	(0.246029 0.0141661 2.4581e-20)
1928	Ua	0	(0 0.0093083 0)	0.646325	(0.246029 0.0141661 2.4581e-20)
1929	Ua	0	(0 0.0093083 0)	0.646325	(0.246029 0.0141661 2.4581e-20)
1930	Ua	0	(0 0.0093083 0)	0.646325	(0.246029 0.0141661 2.4581e-20)
1931	Ua	0	(0 0.0093083 0)	0.646325	(0.246029 0.0141661 2.4581e-20)
1932	Ua	0	(0 0.0093083 0)	0.646325	(0.246029 0.0141661 2.4581e-20)
1933	Ua	0	(0 0.0093083 0)	0.646325	(0.246029 0.0141661 2.4581e-20)
1934	Ua	0	(0 0.0093083 0)	0.646325	(0.246029 0.0141661 2.4581e-20)
1935	Ua	0	(0 0.0093083 0)	0.646325	(0.246029 0.0141661 2.4581e-20)
1936	Ua	0	(0 0.0093083 0)	0.646325	(0.246029 0.0141661 2.4581e-20)
1937	Ua	0	(0 0.0093083 0)	0.646325	(0.246029 0.0141661 2.4581e-20)
1938	Ua	0	(0 0.0093083 0)	0.646325	(0.246029 0.0141661 2.4581e-20)
1939	Ua	0	(0 0.0093083 0)	0.646325	(0.246029 0.0141661 2.4581e-20)
1940	Ua	0	(0 0.0093083 0)	0.646325	(0.246029 0.0141661 2.4581e-20)
1941	Ua	0	(0 0.0093083 0)	0.646325	(0.246029 0.0141661 2.4581e-20)
1942	Ua	0	(0 0.0093083 0)	0.646325	(0.246029 0.0141661 2.4581e-20)
1943	Ua	0	(0 0.0093083 0)	0.646325	(0.246029 0.0141661 2.4581e-20)
1944	Ua	0	(0 0.0093083 0)	0.646325	(0.246029 0.0141661 2.4581e-20)
1945	Ua	0	(0 0.0093083 0)	0.646325	(0.246029 0.0141661 2.4581e-20)
1946	Ua	0	(0 0.0093083 0)	0.646325	(0.246029 0.0141661 2.4581e-20)
1947	Ua	0	(0 0.0093083 0)	0.646325	(0.246029 0.0141661 2.4581e-20)
1948	Ua	0	(0 0.0093083 0)	0.646325	(0.246029 0.0141661 2.4581e-20)
1949	Ua	0	(0 0.0093083 0)	0.646325	(0.246029 0.0141661 2.4581e-20)
1950	Ua	0	(0 0.0093083 0)	0.646325	(0.246029 0.0141661 2.4581e-20)
1951	Ua	0	(0 0.0093083 0)	0.646325	(0.246029 0.0141661 2.4581e-20)
1952	Ua	0	(0 0.0093083 0)	0.646325	(0.246029 0.0141661 2.4581e-20)
1953	Ua	0	(0 0.0093083 0)	0.646325	(0.246029 0.0141661 2.4581e-20)
1954	Ua	0	(0 0.0093083 0)	0.646325	(0.246029 0.0141661 2.4581e-20)
1955	Ua	0	(0 0.0093083 0)	0.646325	(0.246029 0.0141661 2.4581e-20)
1956	Ua	0	(0 0.0093083 0)	0.646325	(0.246029 0.0141661 2.4581e-20)
1957	Ua	0	(0 0.0093083 0)	0.646325	(0.246029 0.0141661 2.4581e-20)
1958	Ua	0	(0 0.0093083 0)	0.646325	(0.246029 0.0141661 2.4581e-20)
1959	Ua	0	(0 0.0093083 0)	0.646325	(0.246029 0.0141661 2.4581e-20)
1960	Ua	0	(0 0.0093083 0)	0.646325	(0.246029 0.0141661 2.4581e-20)
1961	Ua	0	(0 0.0093083 0)	0.646325	(0.246029 0.0141661 2.4581e-20)
1962	Ua	0	(0 0.0093083 0)	0.646325	(0.246029 0.0141661 2.4581e-20)
1963	Ua	0	(0 0.0093083 0)	0.646325	(0.246029 0.0141661 2.4581e-20)
1964	Ua	0	(0 0.0093083 0)	0.646325	(0.246029 0.0141661 2.4581e-20)
1965	Ua	0	(0 0.0093083 0)	0.646325	(0.246029 0.0141661 2.4581e-20)
1966	Ua	0	(0 0.0093083 0)	0.646325	(0.246029 0.0141661 2.4581e-20)
1967	Ua	0	(0 0.0093083 0)	0.646325	(0.246029 0.0141661 2.4581e-20)
1968	Ua	0	(0 0.0093083 0)	0.646325	(0.246029 0.0141661 2.4581e-20)
1969	Ua	0	(0 0.0093083 0)	0.646325	(0.246029 0.0141661 2.4581e-20)
1970	Ua	0	(0 0.0093083 0)	0.646325	(0.246029 0.0141661 2.4581e-20)
1971	Ua	0	(0 0.0093083 0)	0.646325	(0.246029 0.0141661 2.4581e-20)
1972	Ua	0	(0 0.0093083 0)	0.646325	(0.246029 0.0141661 2.4581e-20)
1973	Ua	0	(0 0.0093083 0)	0.646325	(0.246029 0.0141661 2.4581e-20)
1974	Ua	0	(0 0.0093083 0)	0.646325	(0.246029 0.0141661 2.4581e-20)
1975	Ua	0	(0 0.0093083 0)	0.646325	(0.246029 0.0141661 2.4581e-20)
1976	Ua	0	(0 0.0093083 0)	0.646325	(0.246029 0.0141661 2.4581e-20)
1977	Ua	0	(0 0.0093083 0)	0.646325	(0.246029 0.0141661 2.4581e-20)
1978	Ua	0	(0 0.0093083 0)	0.646325	(0.246029 0.0141661 2.4581e-20)
1979	Ua	0	(0 0.0093083 0)	0.646325	(0.246029 0.0141661 2.4581e-20)
1980	Ua	0	(0 0.0093083 0)	0.646325	(0.246029 0.0141661 2.4581e-20)
1981	Ua	0	(0 0.0093083 0)	0.646325	(0.246029 0.0141661 2.4581e-20)
1982	Ua	0	(0 0.0093083 0)	0.646325	(0.246029 0.0141661 2.4581e-20)
1983	Ua	0	(0 0.0093083 0)	0.646324	(0.246029 0.0141661 2.4581e-20)
1984	Ua	0	(0 0.0093083 0)	0.646324	(0.246029 0.0141661 2.4581e-20)
1985	Ua	0	(0 0.0093083 0)	0.646324	(0.246029 0.0141661 2.4581e-20)
1986	Ua	0	(0 0.0093083 0)	0.646324	(0.246029 0.0141661 2.4581e-20)
1987	Ua	0	(0 0.0093083 0)	0.646324	(0.246029 0.0141661 2.4581e-20)
1988	Ua	0	(0 0.0093083 0)	0.646324	(0.246029 0.0141661 2.4581e-20)
1989	Ua	0	(0 0.0093083 0)	0.646324	(0.246029 0.0141661 2.4581e-20)
1990	Ua	0	(0 0.0093083 0)	0.646324	(0.246029 0.0141661 2.4581e-20)
1991	Ua	0	(0 0.0093083 0)	0.646324	(0.246029 0.0141661 2.4581e-20)
1992	Ua	0	(0 0.0093083 0)	0.646324	(0.246029 0.0141661 2.4581e-20)
1993	Ua	0	(0 0.0093083 0)	0.646324	(0.246029 0.0141661 2.4581e-20)
1994	Ua	0	(0 0.0093083 0)	0.646324	(0.246029 0.0141661 2.4581e-20)
1995	Ua	0	(0 0.0093083 0)	0.646324	(0.246029 0.0141661 2.4581e-20)
1996	Ua	0	(0 0.0093083 0)	0.646324	(0.246029 0.0141661 2.4581e-20)
1997	Ua	0	(0 0.0093083 0)	0.646324	(0.246029 0.0141661 2.4581e-20)
1998	Ua	0	(0 0.0093083 0)	0.646324	(0.246029 0.0141661 2.4581e-20)
1999	Ua	0	(0 0.0093083 0)	0.646324	(0.246029 0.0141661 2.4581e-20)
2000	Ua	0	(0 0.0093083 0)	0.646324	(0.246029 0.0141661 2.4581e-20)
