# Time	field	min	position(min)	max	position(max)
1001	Ua	0	(0.0101886 0.0130353 0)	10	(0.01 0.01291 0)
1002	Ua	0	(0.0101886 0.0130353 0)	17.5103	(0.0462708 0.0148705 9.11205e-21)
1003	Ua	0	(0.0101886 0.0130353 0)	31.5119	(0.0213237 0.0142838 1.35065e-20)
1004	Ua	0	(0.0101886 0.0130353 0)	46.0263	(0.0209066 0.0142559 6.43758e-20)
1005	Ua	0	(0.0101886 0.0130353 0)	59.1218	(0.0204835 0.0142261 0)
1006	Ua	0	(0.0101886 0.0130353 0)	69.5864	(0.0200559 0.0141946 0)
1007	Ua	0	(0.0101886 0.0130353 0)	76.7369	(0.0196254 0.0141614 3.77229e-20)
1008	Ua	0	(0.0101886 0.0130353 0)	80.3199	(0.0196254 0.0141614 3.77229e-20)
1009	Ua	0	(0.0101886 0.0130353 0)	80.461	(0.0191933 0.0141269 6.31499e-20)
1010	Ua	0	(0.0101886 0.0130353 0)	77.5054	(0.0187613 0.0140911 3.86385e-20)
1011	Ua	0	(0.0101886 0.0130353 0)	72.0802	(0.0183306 0.0140543 0)
1012	Ua	0	(0.0101886 0.0130353 0)	65.1485	(0.0183306 0.0140543 0)
1013	Ua	0	(0.0101886 0.0130353 0)	57.743	(0.017903 0.0140167 2.59721e-20)
1014	Ua	0	(0.0101886 0.0130353 0)	51.0918	(0.0174797 0.0139783 0)
1015	Ua	0	(0.0101886 0.0130353 0)	48.5678	(0.0498085 0.0148949 -2.71874e-20)
1016	Ua	0	(0.0101886 0.0130353 0)	48.969	(0.0498085 0.0148949 -2.71874e-20)
1017	Ua	0	(0.0101886 0.0130353 0)	49.3176	(0.0498085 0.0148949 -2.71874e-20)
1018	Ua	0	(0.0101886 0.0130353 0)	49.6083	(0.0498085 0.0148949 -2.71874e-20)
1019	Ua	0	(0.0101886 0.0130353 0)	49.9343	(0.0136505 0.0135754 3.13059e-20)
1020	Ua	0	(0.0101886 0.0130353 0)	53.0055	(0.0136505 0.0135754 3.13059e-20)
1021	Ua	0	(0.0101886 0.0130353 0)	55.3389	(0.0136505 0.0135754 3.13059e-20)
1022	Ua	0	(0.0101886 0.0130353 0)	56.6469	(0.0136505 0.0135754 3.13059e-20)
1023	Ua	0	(0.0101886 0.0130353 0)	56.8422	(0.0136505 0.0135754 3.13059e-20)
1024	Ua	0	(0.0101886 0.0130353 0)	56.0169	(0.0136505 0.0135754 3.13059e-20)
1025	Ua	0	(0.0101886 0.0130353 0)	54.4119	(0.0136505 0.0135754 3.13059e-20)
1026	Ua	0	(0.0101886 0.0130353 0)	52.3677	(0.0136505 0.0135754 3.13059e-20)
1027	Ua	0	(0.0101886 0.0130353 0)	51.6788	(0.0498085 0.0148949 -2.71874e-20)
1028	Ua	0	(0.0101886 0.0130353 0)	51.9528	(0.0498085 0.0148949 -2.71874e-20)
1029	Ua	0	(0.0101886 0.0130353 0)	52.205	(0.0498085 0.0148949 -2.71874e-20)
1030	Ua	0	(0.0101886 0.0130353 0)	52.4305	(0.0498085 0.0148949 -2.71874e-20)
1031	Ua	0	(0.0101886 0.0130353 0)	52.627	(0.0498085 0.0148949 -2.71874e-20)
1032	Ua	0	(0.0101886 0.0130353 0)	52.7952	(0.0498085 0.0148949 -2.71874e-20)
1033	Ua	0	(0.0101886 0.0130353 0)	52.9392	(0.0498085 0.0148949 -2.71874e-20)
1034	Ua	0	(0.0101886 0.0130353 0)	53.0641	(0.0498085 0.0148949 -2.71874e-20)
1035	Ua	0	(0.0101886 0.0130353 0)	53.1763	(0.0498085 0.0148949 -2.71874e-20)
1036	Ua	0	(0.0101886 0.0130353 0)	53.2814	(0.0498085 0.0148949 -2.71874e-20)
1037	Ua	0	(0.0101886 0.0130353 0)	53.3852	(0.0498085 0.0148949 -2.71874e-20)
1038	Ua	0	(0.0101886 0.0130353 0)	53.489	(0.0498085 0.0148949 -2.71874e-20)
1039	Ua	0	(0.0101886 0.0130353 0)	53.5932	(0.0498085 0.0148949 -2.71874e-20)
1040	Ua	0	(0.0101886 0.0130353 0)	53.6985	(0.0498085 0.0148949 -2.71874e-20)
1041	Ua	0	(0.0101886 0.0130353 0)	53.8041	(0.0498085 0.0148949 -2.71874e-20)
1042	Ua	0	(0.0101886 0.0130353 0)	53.908	(0.0498085 0.0148949 -2.71874e-20)
1043	Ua	0	(0.0101886 0.0130353 0)	54.0087	(0.0498085 0.0148949 -2.71874e-20)
1044	Ua	0	(0.0101886 0.0130353 0)	54.1047	(0.0498085 0.0148949 -2.71874e-20)
1045	Ua	0	(0.0101886 0.0130353 0)	54.1958	(0.0498085 0.0148949 -2.71874e-20)
1046	Ua	0	(0.0101886 0.0130353 0)	54.2829	(0.0498085 0.0148949 -2.71874e-20)
1047	Ua	0	(0.0101886 0.0130353 0)	54.3657	(0.0498085 0.0148949 -2.71874e-20)
1048	Ua	0	(0.0101886 0.0130353 0)	54.4454	(0.0498085 0.0148949 -2.71874e-20)
1049	Ua	0	(0.0101886 0.0130353 0)	54.5213	(0.0498085 0.0148949 -2.71874e-20)
1050	Ua	0	(0.0101886 0.0130353 0)	54.5958	(0.0498085 0.0148949 -2.71874e-20)
1051	Ua	0	(0.0101886 0.0130353 0)	54.6706	(0.0498085 0.0148949 -2.71874e-20)
1052	Ua	0	(0.0101886 0.0130353 0)	54.7454	(0.0498085 0.0148949 -2.71874e-20)
1053	Ua	0	(0.0101886 0.0130353 0)	54.8209	(0.0498085 0.0148949 -2.71874e-20)
1054	Ua	0	(0.0101886 0.0130353 0)	54.897	(0.0498085 0.0148949 -2.71874e-20)
1055	Ua	0	(0.0101886 0.0130353 0)	54.9723	(0.0498085 0.0148949 -2.71874e-20)
1056	Ua	0	(0.0101886 0.0130353 0)	55.0467	(0.0498085 0.0148949 -2.71874e-20)
1057	Ua	0	(0.0101886 0.0130353 0)	55.1192	(0.0498085 0.0148949 -2.71874e-20)
1058	Ua	0	(0.0101886 0.0130353 0)	55.1897	(0.0498085 0.0148949 -2.71874e-20)
1059	Ua	0	(0.0101886 0.0130353 0)	55.2575	(0.0498085 0.0148949 -2.71874e-20)
1060	Ua	0	(0.0101886 0.0130353 0)	55.3227	(0.0498085 0.0148949 -2.71874e-20)
1061	Ua	0	(0.0101886 0.0130353 0)	55.3866	(0.0498085 0.0148949 -2.71874e-20)
1062	Ua	0	(0.0101886 0.0130353 0)	55.4494	(0.0498085 0.0148949 -2.71874e-20)
1063	Ua	0	(0.0101886 0.0130353 0)	55.5115	(0.0498085 0.0148949 -2.71874e-20)
1064	Ua	0	(0.0101886 0.0130353 0)	55.5729	(0.0498085 0.0148949 -2.71874e-20)
1065	Ua	0	(0.0101886 0.0130353 0)	55.6336	(0.0498085 0.0148949 -2.71874e-20)
1066	Ua	0	(0.0101886 0.0130353 0)	55.693	(0.0498085 0.0148949 -2.71874e-20)
1067	Ua	0	(0.0101886 0.0130353 0)	55.7515	(0.0498085 0.0148949 -2.71874e-20)
1068	Ua	0	(0.0101886 0.0130353 0)	55.8088	(0.0498085 0.0148949 -2.71874e-20)
1069	Ua	0	(0.0101886 0.0130353 0)	55.8655	(0.0498085 0.0148949 -2.71874e-20)
1070	Ua	0	(0.0101886 0.0130353 0)	55.9216	(0.0498085 0.0148949 -2.71874e-20)
1071	Ua	0	(0.0101886 0.0130353 0)	55.9767	(0.0498085 0.0148949 -2.71874e-20)
1072	Ua	0	(0.0101886 0.0130353 0)	56.0305	(0.0498085 0.0148949 -2.71874e-20)
1073	Ua	0	(0.0101886 0.0130353 0)	56.0829	(0.0498085 0.0148949 -2.71874e-20)
1074	Ua	0	(0.0101886 0.0130353 0)	56.1346	(0.0498085 0.0148949 -2.71874e-20)
1075	Ua	0	(0.0101886 0.0130353 0)	56.1859	(0.0498085 0.0148949 -2.71874e-20)
1076	Ua	0	(0.0101886 0.0130353 0)	56.2367	(0.0498085 0.0148949 -2.71874e-20)
1077	Ua	0	(0.0101886 0.0130353 0)	56.2868	(0.0498085 0.0148949 -2.71874e-20)
1078	Ua	0	(0.0101886 0.0130353 0)	56.3361	(0.0498085 0.0148949 -2.71874e-20)
1079	Ua	0	(0.0101886 0.0130353 0)	56.3848	(0.0498085 0.0148949 -2.71874e-20)
1080	Ua	0	(0.0101886 0.0130353 0)	56.4328	(0.0498085 0.0148949 -2.71874e-20)
1081	Ua	0	(0.0101886 0.0130353 0)	56.48	(0.0498085 0.0148949 -2.71874e-20)
1082	Ua	0	(0.0101886 0.0130353 0)	56.5264	(0.0498085 0.0148949 -2.71874e-20)
1083	Ua	0	(0.0101886 0.0130353 0)	56.5721	(0.0498085 0.0148949 -2.71874e-20)
1084	Ua	0	(0.0101886 0.0130353 0)	56.6165	(0.0498085 0.0148949 -2.71874e-20)
1085	Ua	0	(0.0101886 0.0130353 0)	56.6601	(0.0498085 0.0148949 -2.71874e-20)
1086	Ua	0	(0.0101886 0.0130353 0)	56.7036	(0.0498085 0.0148949 -2.71874e-20)
1087	Ua	0	(0.0101886 0.0130353 0)	56.7468	(0.0498085 0.0148949 -2.71874e-20)
1088	Ua	0	(0.0101886 0.0130353 0)	56.7897	(0.0498085 0.0148949 -2.71874e-20)
1089	Ua	0	(0.0101886 0.0130353 0)	56.8322	(0.0498085 0.0148949 -2.71874e-20)
1090	Ua	0	(0.0101886 0.0130353 0)	56.8743	(0.0498085 0.0148949 -2.71874e-20)
1091	Ua	0	(0.0101886 0.0130353 0)	56.9158	(0.0498085 0.0148949 -2.71874e-20)
1092	Ua	0	(0.0101886 0.0130353 0)	56.9567	(0.0498085 0.0148949 -2.71874e-20)
1093	Ua	0	(0.0101886 0.0130353 0)	56.9969	(0.0498085 0.0148949 -2.71874e-20)
1094	Ua	0	(0.0101886 0.0130353 0)	57.0366	(0.0498085 0.0148949 -2.71874e-20)
1095	Ua	0	(0.0101886 0.0130353 0)	57.0756	(0.0498085 0.0148949 -2.71874e-20)
1096	Ua	0	(0.0101886 0.0130353 0)	57.1142	(0.0498085 0.0148949 -2.71874e-20)
1097	Ua	0	(0.0101886 0.0130353 0)	57.152	(0.0498085 0.0148949 -2.71874e-20)
1098	Ua	0	(0.0101886 0.0130353 0)	57.1893	(0.0498085 0.0148949 -2.71874e-20)
1099	Ua	0	(0.0101886 0.0130353 0)	57.2263	(0.0498085 0.0148949 -2.71874e-20)
1100	Ua	0	(0.0101886 0.0130353 0)	57.2627	(0.0498085 0.0148949 -2.71874e-20)
1101	Ua	0	(0.0101886 0.0130353 0)	57.2985	(0.0498085 0.0148949 -2.71874e-20)
1102	Ua	0	(0.0101886 0.0130353 0)	57.3339	(0.0498085 0.0148949 -2.71874e-20)
1103	Ua	0	(0.0101886 0.0130353 0)	57.3688	(0.0498085 0.0148949 -2.71874e-20)
1104	Ua	0	(0.0101886 0.0130353 0)	57.4033	(0.0498085 0.0148949 -2.71874e-20)
1105	Ua	0	(0.0101886 0.0130353 0)	57.4374	(0.0498085 0.0148949 -2.71874e-20)
1106	Ua	0	(0.0101886 0.0130353 0)	57.4711	(0.0498085 0.0148949 -2.71874e-20)
1107	Ua	0	(0.0101886 0.0130353 0)	57.5044	(0.0498085 0.0148949 -2.71874e-20)
1108	Ua	0	(0.0101886 0.0130353 0)	57.5373	(0.0498085 0.0148949 -2.71874e-20)
1109	Ua	0	(0.0101886 0.0130353 0)	57.5698	(0.0498085 0.0148949 -2.71874e-20)
1110	Ua	0	(0.0101886 0.0130353 0)	57.602	(0.0498085 0.0148949 -2.71874e-20)
1111	Ua	0	(0.0101886 0.0130353 0)	57.6338	(0.0498085 0.0148949 -2.71874e-20)
1112	Ua	0	(0.0101886 0.0130353 0)	57.6651	(0.0498085 0.0148949 -2.71874e-20)
1113	Ua	0	(0.0101886 0.0130353 0)	57.696	(0.0498085 0.0148949 -2.71874e-20)
1114	Ua	0	(0.0101886 0.0130353 0)	57.7266	(0.0498085 0.0148949 -2.71874e-20)
1115	Ua	0	(0.0101886 0.0130353 0)	57.7567	(0.0498085 0.0148949 -2.71874e-20)
1116	Ua	0	(0.0101886 0.0130353 0)	57.7865	(0.0498085 0.0148949 -2.71874e-20)
1117	Ua	0	(0.0101886 0.0130353 0)	57.8157	(0.0498085 0.0148949 -2.71874e-20)
1118	Ua	0	(0.0101886 0.0130353 0)	57.8446	(0.0498085 0.0148949 -2.71874e-20)
1119	Ua	0	(0.0101886 0.0130353 0)	57.8731	(0.0498085 0.0148949 -2.71874e-20)
1120	Ua	0	(0.0101886 0.0130353 0)	57.9015	(0.0498085 0.0148949 -2.71874e-20)
1121	Ua	0	(0.0101886 0.0130353 0)	57.9296	(0.0498085 0.0148949 -2.71874e-20)
1122	Ua	0	(0.0101886 0.0130353 0)	57.9573	(0.0498085 0.0148949 -2.71874e-20)
1123	Ua	0	(0.0101886 0.0130353 0)	57.9847	(0.0498085 0.0148949 -2.71874e-20)
1124	Ua	0	(0.0101886 0.0130353 0)	58.0118	(0.0498085 0.0148949 -2.71874e-20)
1125	Ua	0	(0.0101886 0.0130353 0)	58.0385	(0.0498085 0.0148949 -2.71874e-20)
1126	Ua	0	(0.0101886 0.0130353 0)	58.0649	(0.0498085 0.0148949 -2.71874e-20)
1127	Ua	0	(0.0101886 0.0130353 0)	58.091	(0.0498085 0.0148949 -2.71874e-20)
1128	Ua	0	(0.0101886 0.0130353 0)	58.1167	(0.0498085 0.0148949 -2.71874e-20)
1129	Ua	0	(0.0101886 0.0130353 0)	58.142	(0.0498085 0.0148949 -2.71874e-20)
1130	Ua	0	(0.0101886 0.0130353 0)	58.167	(0.0498085 0.0148949 -2.71874e-20)
1131	Ua	0	(0.0101886 0.0130353 0)	58.1916	(0.0498085 0.0148949 -2.71874e-20)
1132	Ua	0	(0.0101886 0.0130353 0)	58.2158	(0.0498085 0.0148949 -2.71874e-20)
1133	Ua	0	(0.0101886 0.0130353 0)	58.2398	(0.0498085 0.0148949 -2.71874e-20)
1134	Ua	0	(0.0101886 0.0130353 0)	58.2635	(0.0498085 0.0148949 -2.71874e-20)
1135	Ua	0	(0.0101886 0.0130353 0)	58.2869	(0.0498085 0.0148949 -2.71874e-20)
1136	Ua	0	(0.0101886 0.0130353 0)	58.3101	(0.0498085 0.0148949 -2.71874e-20)
1137	Ua	0	(0.0101886 0.0130353 0)	58.3331	(0.0498085 0.0148949 -2.71874e-20)
1138	Ua	0	(0.0101886 0.0130353 0)	58.3559	(0.0498085 0.0148949 -2.71874e-20)
1139	Ua	0	(0.0101886 0.0130353 0)	58.3785	(0.0498085 0.0148949 -2.71874e-20)
1140	Ua	0	(0.0101886 0.0130353 0)	58.4008	(0.0498085 0.0148949 -2.71874e-20)
1141	Ua	0	(0.0101886 0.0130353 0)	58.4228	(0.0498085 0.0148949 -2.71874e-20)
1142	Ua	0	(0.0101886 0.0130353 0)	58.4445	(0.0498085 0.0148949 -2.71874e-20)
1143	Ua	0	(0.0101886 0.0130353 0)	58.4659	(0.0498085 0.0148949 -2.71874e-20)
1144	Ua	0	(0.0101886 0.0130353 0)	58.4871	(0.0498085 0.0148949 -2.71874e-20)
1145	Ua	0	(0.0101886 0.0130353 0)	58.508	(0.0498085 0.0148949 -2.71874e-20)
1146	Ua	0	(0.0101886 0.0130353 0)	58.5287	(0.0498085 0.0148949 -2.71874e-20)
1147	Ua	0	(0.0101886 0.0130353 0)	58.549	(0.0498085 0.0148949 -2.71874e-20)
1148	Ua	0	(0.0101886 0.0130353 0)	58.5691	(0.0498085 0.0148949 -2.71874e-20)
1149	Ua	0	(0.0101886 0.0130353 0)	58.5889	(0.0498085 0.0148949 -2.71874e-20)
1150	Ua	0	(0.0101886 0.0130353 0)	58.6084	(0.0498085 0.0148949 -2.71874e-20)
1151	Ua	0	(0.0101886 0.0130353 0)	58.6276	(0.0498085 0.0148949 -2.71874e-20)
1152	Ua	0	(0.0101886 0.0130353 0)	58.6466	(0.0498085 0.0148949 -2.71874e-20)
1153	Ua	0	(0.0101886 0.0130353 0)	58.6654	(0.0498085 0.0148949 -2.71874e-20)
1154	Ua	0	(0.0101886 0.0130353 0)	58.684	(0.0498085 0.0148949 -2.71874e-20)
1155	Ua	0	(0.0101886 0.0130353 0)	58.7024	(0.0498085 0.0148949 -2.71874e-20)
1156	Ua	0	(0.0101886 0.0130353 0)	58.7207	(0.0498085 0.0148949 -2.71874e-20)
1157	Ua	0	(0.0101886 0.0130353 0)	58.7387	(0.0498085 0.0148949 -2.71874e-20)
1158	Ua	0	(0.0101886 0.0130353 0)	58.7565	(0.0498085 0.0148949 -2.71874e-20)
1159	Ua	0	(0.0101886 0.0130353 0)	58.7741	(0.0498085 0.0148949 -2.71874e-20)
1160	Ua	0	(0.0101886 0.0130353 0)	58.7915	(0.0498085 0.0148949 -2.71874e-20)
1161	Ua	0	(0.0101886 0.0130353 0)	58.8086	(0.0498085 0.0148949 -2.71874e-20)
1162	Ua	0	(0.0101886 0.0130353 0)	58.8256	(0.0498085 0.0148949 -2.71874e-20)
1163	Ua	0	(0.0101886 0.0130353 0)	58.8423	(0.0498085 0.0148949 -2.71874e-20)
1164	Ua	0	(0.0101886 0.0130353 0)	58.8588	(0.0498085 0.0148949 -2.71874e-20)
1165	Ua	0	(0.0101886 0.0130353 0)	58.875	(0.0498085 0.0148949 -2.71874e-20)
1166	Ua	0	(0.0101886 0.0130353 0)	58.8911	(0.0498085 0.0148949 -2.71874e-20)
1167	Ua	0	(0.0101886 0.0130353 0)	58.9069	(0.0498085 0.0148949 -2.71874e-20)
1168	Ua	0	(0.0101886 0.0130353 0)	58.9225	(0.0498085 0.0148949 -2.71874e-20)
1169	Ua	0	(0.0101886 0.0130353 0)	58.9379	(0.0498085 0.0148949 -2.71874e-20)
1170	Ua	0	(0.0101886 0.0130353 0)	58.9531	(0.0498085 0.0148949 -2.71874e-20)
1171	Ua	0	(0.0101886 0.0130353 0)	58.9682	(0.0498085 0.0148949 -2.71874e-20)
1172	Ua	0	(0.0101886 0.0130353 0)	58.9831	(0.0498085 0.0148949 -2.71874e-20)
1173	Ua	0	(0.0101886 0.0130353 0)	58.9978	(0.0498085 0.0148949 -2.71874e-20)
1174	Ua	0	(0.0101886 0.0130353 0)	59.0123	(0.0498085 0.0148949 -2.71874e-20)
1175	Ua	0	(0.0101886 0.0130353 0)	59.0266	(0.0498085 0.0148949 -2.71874e-20)
1176	Ua	0	(0.0101886 0.0130353 0)	59.0408	(0.0498085 0.0148949 -2.71874e-20)
1177	Ua	0	(0.0101886 0.0130353 0)	59.0548	(0.0498085 0.0148949 -2.71874e-20)
1178	Ua	0	(0.0101886 0.0130353 0)	59.0687	(0.0498085 0.0148949 -2.71874e-20)
1179	Ua	0	(0.0101886 0.0130353 0)	59.0824	(0.0498085 0.0148949 -2.71874e-20)
1180	Ua	0	(0.0101886 0.0130353 0)	59.0959	(0.0498085 0.0148949 -2.71874e-20)
1181	Ua	0	(0.0101886 0.0130353 0)	59.1092	(0.0498085 0.0148949 -2.71874e-20)
1182	Ua	0	(0.0101886 0.0130353 0)	59.1223	(0.0498085 0.0148949 -2.71874e-20)
1183	Ua	0	(0.0101886 0.0130353 0)	59.1353	(0.0498085 0.0148949 -2.71874e-20)
1184	Ua	0	(0.0101886 0.0130353 0)	59.1481	(0.0498085 0.0148949 -2.71874e-20)
1185	Ua	0	(0.0101886 0.0130353 0)	59.1608	(0.0498085 0.0148949 -2.71874e-20)
1186	Ua	0	(0.0101886 0.0130353 0)	59.1733	(0.0498085 0.0148949 -2.71874e-20)
1187	Ua	0	(0.0101886 0.0130353 0)	59.1856	(0.0498085 0.0148949 -2.71874e-20)
1188	Ua	0	(0.0101886 0.0130353 0)	59.1977	(0.0498085 0.0148949 -2.71874e-20)
1189	Ua	0	(0.0101886 0.0130353 0)	59.2097	(0.0498085 0.0148949 -2.71874e-20)
1190	Ua	0	(0.0101886 0.0130353 0)	59.2216	(0.0498085 0.0148949 -2.71874e-20)
1191	Ua	0	(0.0101886 0.0130353 0)	59.2333	(0.0498085 0.0148949 -2.71874e-20)
1192	Ua	0	(0.0101886 0.0130353 0)	59.2448	(0.0498085 0.0148949 -2.71874e-20)
1193	Ua	0	(0.0101886 0.0130353 0)	59.2562	(0.0498085 0.0148949 -2.71874e-20)
1194	Ua	0	(0.0101886 0.0130353 0)	59.2675	(0.0498085 0.0148949 -2.71874e-20)
1195	Ua	0	(0.0101886 0.0130353 0)	59.2786	(0.0498085 0.0148949 -2.71874e-20)
1196	Ua	0	(0.0101886 0.0130353 0)	59.2896	(0.0498085 0.0148949 -2.71874e-20)
1197	Ua	0	(0.0101886 0.0130353 0)	59.3005	(0.0498085 0.0148949 -2.71874e-20)
1198	Ua	0	(0.0101886 0.0130353 0)	59.3112	(0.0498085 0.0148949 -2.71874e-20)
1199	Ua	0	(0.0101886 0.0130353 0)	59.3218	(0.0498085 0.0148949 -2.71874e-20)
1200	Ua	0	(0.0101886 0.0130353 0)	59.3322	(0.0498085 0.0148949 -2.71874e-20)
1201	Ua	0	(0.0101886 0.0130353 0)	59.3425	(0.0498085 0.0148949 -2.71874e-20)
1202	Ua	0	(0.0101886 0.0130353 0)	59.3527	(0.0498085 0.0148949 -2.71874e-20)
1203	Ua	0	(0.0101886 0.0130353 0)	59.3628	(0.0498085 0.0148949 -2.71874e-20)
1204	Ua	0	(0.0101886 0.0130353 0)	59.3727	(0.0498085 0.0148949 -2.71874e-20)
1205	Ua	0	(0.0101886 0.0130353 0)	59.3825	(0.0498085 0.0148949 -2.71874e-20)
1206	Ua	0	(0.0101886 0.0130353 0)	59.3922	(0.0498085 0.0148949 -2.71874e-20)
1207	Ua	0	(0.0101886 0.0130353 0)	59.4018	(0.0498085 0.0148949 -2.71874e-20)
1208	Ua	0	(0.0101886 0.0130353 0)	59.4112	(0.0498085 0.0148949 -2.71874e-20)
1209	Ua	0	(0.0101886 0.0130353 0)	59.4205	(0.0498085 0.0148949 -2.71874e-20)
1210	Ua	0	(0.0101886 0.0130353 0)	59.4297	(0.0498085 0.0148949 -2.71874e-20)
1211	Ua	0	(0.0101886 0.0130353 0)	59.4387	(0.0498085 0.0148949 -2.71874e-20)
1212	Ua	0	(0.0101886 0.0130353 0)	59.4477	(0.0498085 0.0148949 -2.71874e-20)
1213	Ua	0	(0.0101886 0.0130353 0)	59.4565	(0.0498085 0.0148949 -2.71874e-20)
1214	Ua	0	(0.0101886 0.0130353 0)	59.4652	(0.0498085 0.0148949 -2.71874e-20)
1215	Ua	0	(0.0101886 0.0130353 0)	59.4738	(0.0498085 0.0148949 -2.71874e-20)
1216	Ua	0	(0.0101886 0.0130353 0)	59.4823	(0.0498085 0.0148949 -2.71874e-20)
1217	Ua	0	(0.0101886 0.0130353 0)	59.4906	(0.0498085 0.0148949 -2.71874e-20)
1218	Ua	0	(0.0101886 0.0130353 0)	59.4989	(0.0498085 0.0148949 -2.71874e-20)
1219	Ua	0	(0.0101886 0.0130353 0)	59.5071	(0.0498085 0.0148949 -2.71874e-20)
1220	Ua	0	(0.0101886 0.0130353 0)	59.5151	(0.0498085 0.0148949 -2.71874e-20)
1221	Ua	0	(0.0101886 0.0130353 0)	59.5231	(0.0498085 0.0148949 -2.71874e-20)
1222	Ua	0	(0.0101886 0.0130353 0)	59.531	(0.0498085 0.0148949 -2.71874e-20)
1223	Ua	0	(0.0101886 0.0130353 0)	59.5387	(0.0498085 0.0148949 -2.71874e-20)
1224	Ua	0	(0.0101886 0.0130353 0)	59.5464	(0.0498085 0.0148949 -2.71874e-20)
1225	Ua	0	(0.0101886 0.0130353 0)	59.5539	(0.0498085 0.0148949 -2.71874e-20)
1226	Ua	0	(0.0101886 0.0130353 0)	59.5614	(0.0498085 0.0148949 -2.71874e-20)
1227	Ua	0	(0.0101886 0.0130353 0)	59.5688	(0.0498085 0.0148949 -2.71874e-20)
1228	Ua	0	(0.0101886 0.0130353 0)	59.576	(0.0498085 0.0148949 -2.71874e-20)
1229	Ua	0	(0.0101886 0.0130353 0)	59.5832	(0.0498085 0.0148949 -2.71874e-20)
1230	Ua	0	(0.0101886 0.0130353 0)	59.5903	(0.0498085 0.0148949 -2.71874e-20)
1231	Ua	0	(0.0101886 0.0130353 0)	59.5972	(0.0498085 0.0148949 -2.71874e-20)
1232	Ua	0	(0.0101886 0.0130353 0)	59.6041	(0.0498085 0.0148949 -2.71874e-20)
1233	Ua	0	(0.0101886 0.0130353 0)	59.6109	(0.0498085 0.0148949 -2.71874e-20)
1234	Ua	0	(0.0101886 0.0130353 0)	59.6176	(0.0498085 0.0148949 -2.71874e-20)
1235	Ua	0	(0.0101886 0.0130353 0)	59.6243	(0.0498085 0.0148949 -2.71874e-20)
1236	Ua	0	(0.0101886 0.0130353 0)	59.6308	(0.0498085 0.0148949 -2.71874e-20)
1237	Ua	0	(0.0101886 0.0130353 0)	59.6372	(0.0498085 0.0148949 -2.71874e-20)
1238	Ua	0	(0.0101886 0.0130353 0)	59.6436	(0.0498085 0.0148949 -2.71874e-20)
1239	Ua	0	(0.0101886 0.0130353 0)	59.6499	(0.0498085 0.0148949 -2.71874e-20)
1240	Ua	0	(0.0101886 0.0130353 0)	59.6561	(0.0498085 0.0148949 -2.71874e-20)
1241	Ua	0	(0.0101886 0.0130353 0)	59.6622	(0.0498085 0.0148949 -2.71874e-20)
1242	Ua	0	(0.0101886 0.0130353 0)	59.6682	(0.0498085 0.0148949 -2.71874e-20)
1243	Ua	0	(0.0101886 0.0130353 0)	59.6742	(0.0498085 0.0148949 -2.71874e-20)
1244	Ua	0	(0.0101886 0.0130353 0)	59.68	(0.0498085 0.0148949 -2.71874e-20)
1245	Ua	0	(0.0101886 0.0130353 0)	59.6858	(0.0498085 0.0148949 -2.71874e-20)
1246	Ua	0	(0.0101886 0.0130353 0)	59.6916	(0.0498085 0.0148949 -2.71874e-20)
1247	Ua	0	(0.0101886 0.0130353 0)	59.6972	(0.0498085 0.0148949 -2.71874e-20)
1248	Ua	0	(0.0101886 0.0130353 0)	59.7028	(0.0498085 0.0148949 -2.71874e-20)
1249	Ua	0	(0.0101886 0.0130353 0)	59.7083	(0.0498085 0.0148949 -2.71874e-20)
1250	Ua	0	(0.0101886 0.0130353 0)	59.7137	(0.0498085 0.0148949 -2.71874e-20)
1251	Ua	0	(0.0101886 0.0130353 0)	59.7191	(0.0498085 0.0148949 -2.71874e-20)
1252	Ua	0	(0.0101886 0.0130353 0)	59.7243	(0.0498085 0.0148949 -2.71874e-20)
1253	Ua	0	(0.0101886 0.0130353 0)	59.7295	(0.0498085 0.0148949 -2.71874e-20)
1254	Ua	0	(0.0101886 0.0130353 0)	59.7347	(0.0498085 0.0148949 -2.71874e-20)
1255	Ua	0	(0.0101886 0.0130353 0)	59.7398	(0.0498085 0.0148949 -2.71874e-20)
1256	Ua	0	(0.0101886 0.0130353 0)	59.7448	(0.0498085 0.0148949 -2.71874e-20)
1257	Ua	0	(0.0101886 0.0130353 0)	59.7497	(0.0498085 0.0148949 -2.71874e-20)
1258	Ua	0	(0.0101886 0.0130353 0)	59.7546	(0.0498085 0.0148949 -2.71874e-20)
1259	Ua	0	(0.0101886 0.0130353 0)	59.7594	(0.0498085 0.0148949 -2.71874e-20)
1260	Ua	0	(0.0101886 0.0130353 0)	59.7641	(0.0498085 0.0148949 -2.71874e-20)
1261	Ua	0	(0.0101886 0.0130353 0)	59.7688	(0.0498085 0.0148949 -2.71874e-20)
1262	Ua	0	(0.0101886 0.0130353 0)	59.7734	(0.0498085 0.0148949 -2.71874e-20)
1263	Ua	0	(0.0101886 0.0130353 0)	59.7779	(0.0498085 0.0148949 -2.71874e-20)
1264	Ua	0	(0.0101886 0.0130353 0)	59.7824	(0.0498085 0.0148949 -2.71874e-20)
1265	Ua	0	(0.0101886 0.0130353 0)	59.7869	(0.0498085 0.0148949 -2.71874e-20)
1266	Ua	0	(0.0101886 0.0130353 0)	59.7912	(0.0498085 0.0148949 -2.71874e-20)
1267	Ua	0	(0.0101886 0.0130353 0)	59.7955	(0.0498085 0.0148949 -2.71874e-20)
1268	Ua	0	(0.0101886 0.0130353 0)	59.7998	(0.0498085 0.0148949 -2.71874e-20)
1269	Ua	0	(0.0101886 0.0130353 0)	59.804	(0.0498085 0.0148949 -2.71874e-20)
1270	Ua	0	(0.0101886 0.0130353 0)	59.8081	(0.0498085 0.0148949 -2.71874e-20)
1271	Ua	0	(0.0101886 0.0130353 0)	59.8122	(0.0498085 0.0148949 -2.71874e-20)
1272	Ua	0	(0.0101886 0.0130353 0)	59.8162	(0.0498085 0.0148949 -2.71874e-20)
1273	Ua	0	(0.0101886 0.0130353 0)	59.8202	(0.0498085 0.0148949 -2.71874e-20)
1274	Ua	0	(0.0101886 0.0130353 0)	59.8241	(0.0498085 0.0148949 -2.71874e-20)
1275	Ua	0	(0.0101886 0.0130353 0)	59.828	(0.0498085 0.0148949 -2.71874e-20)
1276	Ua	0	(0.0101886 0.0130353 0)	59.8318	(0.0498085 0.0148949 -2.71874e-20)
1277	Ua	0	(0.0101886 0.0130353 0)	59.8356	(0.0498085 0.0148949 -2.71874e-20)
1278	Ua	0	(0.0101886 0.0130353 0)	59.8393	(0.0498085 0.0148949 -2.71874e-20)
1279	Ua	0	(0.0101886 0.0130353 0)	59.843	(0.0498085 0.0148949 -2.71874e-20)
1280	Ua	0	(0.0101886 0.0130353 0)	59.8466	(0.0498085 0.0148949 -2.71874e-20)
1281	Ua	0	(0.0101886 0.0130353 0)	59.8501	(0.0498085 0.0148949 -2.71874e-20)
1282	Ua	0	(0.0101886 0.0130353 0)	59.8536	(0.0498085 0.0148949 -2.71874e-20)
1283	Ua	0	(0.0101886 0.0130353 0)	59.8571	(0.0498085 0.0148949 -2.71874e-20)
1284	Ua	0	(0.0101886 0.0130353 0)	59.8605	(0.0498085 0.0148949 -2.71874e-20)
1285	Ua	0	(0.0101886 0.0130353 0)	59.8639	(0.0498085 0.0148949 -2.71874e-20)
1286	Ua	0	(0.0101886 0.0130353 0)	59.8672	(0.0498085 0.0148949 -2.71874e-20)
1287	Ua	0	(0.0101886 0.0130353 0)	59.8705	(0.0498085 0.0148949 -2.71874e-20)
1288	Ua	0	(0.0101886 0.0130353 0)	59.8737	(0.0498085 0.0148949 -2.71874e-20)
1289	Ua	0	(0.0101886 0.0130353 0)	59.8769	(0.0498085 0.0148949 -2.71874e-20)
1290	Ua	0	(0.0101886 0.0130353 0)	59.88	(0.0498085 0.0148949 -2.71874e-20)
1291	Ua	0	(0.0101886 0.0130353 0)	59.8831	(0.0498085 0.0148949 -2.71874e-20)
1292	Ua	0	(0.0101886 0.0130353 0)	59.8862	(0.0498085 0.0148949 -2.71874e-20)
1293	Ua	0	(0.0101886 0.0130353 0)	59.8892	(0.0498085 0.0148949 -2.71874e-20)
1294	Ua	0	(0.0101886 0.0130353 0)	59.8922	(0.0498085 0.0148949 -2.71874e-20)
1295	Ua	0	(0.0101886 0.0130353 0)	59.8951	(0.0498085 0.0148949 -2.71874e-20)
1296	Ua	0	(0.0101886 0.0130353 0)	59.898	(0.0498085 0.0148949 -2.71874e-20)
1297	Ua	0	(0.0101886 0.0130353 0)	59.9009	(0.0498085 0.0148949 -2.71874e-20)
1298	Ua	0	(0.0101886 0.0130353 0)	59.9037	(0.0498085 0.0148949 -2.71874e-20)
1299	Ua	0	(0.0101886 0.0130353 0)	59.9065	(0.0498085 0.0148949 -2.71874e-20)
1300	Ua	0	(0.0101886 0.0130353 0)	59.9092	(0.0498085 0.0148949 -2.71874e-20)
1301	Ua	0	(0.0101886 0.0130353 0)	59.9119	(0.0498085 0.0148949 -2.71874e-20)
1302	Ua	0	(0.0101886 0.0130353 0)	59.9145	(0.0498085 0.0148949 -2.71874e-20)
1303	Ua	0	(0.0101886 0.0130353 0)	59.9172	(0.0498085 0.0148949 -2.71874e-20)
1304	Ua	0	(0.0101886 0.0130353 0)	59.9198	(0.0498085 0.0148949 -2.71874e-20)
1305	Ua	0	(0.0101886 0.0130353 0)	59.9223	(0.0498085 0.0148949 -2.71874e-20)
1306	Ua	0	(0.0101886 0.0130353 0)	59.9248	(0.0498085 0.0148949 -2.71874e-20)
1307	Ua	0	(0.0101886 0.0130353 0)	59.9273	(0.0498085 0.0148949 -2.71874e-20)
1308	Ua	0	(0.0101886 0.0130353 0)	59.9297	(0.0498085 0.0148949 -2.71874e-20)
1309	Ua	0	(0.0101886 0.0130353 0)	59.9321	(0.0498085 0.0148949 -2.71874e-20)
1310	Ua	0	(0.0101886 0.0130353 0)	59.9345	(0.0498085 0.0148949 -2.71874e-20)
1311	Ua	0	(0.0101886 0.0130353 0)	59.9369	(0.0498085 0.0148949 -2.71874e-20)
1312	Ua	0	(0.0101886 0.0130353 0)	59.9392	(0.0498085 0.0148949 -2.71874e-20)
1313	Ua	0	(0.0101886 0.0130353 0)	59.9414	(0.0498085 0.0148949 -2.71874e-20)
1314	Ua	0	(0.0101886 0.0130353 0)	59.9437	(0.0498085 0.0148949 -2.71874e-20)
1315	Ua	0	(0.0101886 0.0130353 0)	59.9459	(0.0498085 0.0148949 -2.71874e-20)
1316	Ua	0	(0.0101886 0.0130353 0)	59.9481	(0.0498085 0.0148949 -2.71874e-20)
1317	Ua	0	(0.0101886 0.0130353 0)	59.9502	(0.0498085 0.0148949 -2.71874e-20)
1318	Ua	0	(0.0101886 0.0130353 0)	59.9523	(0.0498085 0.0148949 -2.71874e-20)
1319	Ua	0	(0.0101886 0.0130353 0)	59.9544	(0.0498085 0.0148949 -2.71874e-20)
1320	Ua	0	(0.0101886 0.0130353 0)	59.9565	(0.0498085 0.0148949 -2.71874e-20)
1321	Ua	0	(0.0101886 0.0130353 0)	59.9585	(0.0498085 0.0148949 -2.71874e-20)
1322	Ua	0	(0.0101886 0.0130353 0)	59.9605	(0.0498085 0.0148949 -2.71874e-20)
1323	Ua	0	(0.0101886 0.0130353 0)	59.9625	(0.0498085 0.0148949 -2.71874e-20)
1324	Ua	0	(0.0101886 0.0130353 0)	59.9644	(0.0498085 0.0148949 -2.71874e-20)
1325	Ua	0	(0.0101886 0.0130353 0)	59.9664	(0.0498085 0.0148949 -2.71874e-20)
1326	Ua	0	(0.0101886 0.0130353 0)	59.9683	(0.0498085 0.0148949 -2.71874e-20)
1327	Ua	0	(0.0101886 0.0130353 0)	59.9701	(0.0498085 0.0148949 -2.71874e-20)
1328	Ua	0	(0.0101886 0.0130353 0)	59.972	(0.0498085 0.0148949 -2.71874e-20)
1329	Ua	0	(0.0101886 0.0130353 0)	59.9738	(0.0498085 0.0148949 -2.71874e-20)
1330	Ua	0	(0.0101886 0.0130353 0)	59.9755	(0.0498085 0.0148949 -2.71874e-20)
1331	Ua	0	(0.0101886 0.0130353 0)	59.9773	(0.0498085 0.0148949 -2.71874e-20)
1332	Ua	0	(0.0101886 0.0130353 0)	59.979	(0.0498085 0.0148949 -2.71874e-20)
1333	Ua	0	(0.0101886 0.0130353 0)	59.9807	(0.0498085 0.0148949 -2.71874e-20)
1334	Ua	0	(0.0101886 0.0130353 0)	59.9824	(0.0498085 0.0148949 -2.71874e-20)
1335	Ua	0	(0.0101886 0.0130353 0)	59.9841	(0.0498085 0.0148949 -2.71874e-20)
1336	Ua	0	(0.0101886 0.0130353 0)	59.9857	(0.0498085 0.0148949 -2.71874e-20)
1337	Ua	0	(0.0101886 0.0130353 0)	59.9873	(0.0498085 0.0148949 -2.71874e-20)
1338	Ua	0	(0.0101886 0.0130353 0)	59.9889	(0.0498085 0.0148949 -2.71874e-20)
1339	Ua	0	(0.0101886 0.0130353 0)	59.9905	(0.0498085 0.0148949 -2.71874e-20)
1340	Ua	0	(0.0101886 0.0130353 0)	59.992	(0.0498085 0.0148949 -2.71874e-20)
1341	Ua	0	(0.0101886 0.0130353 0)	59.9935	(0.0498085 0.0148949 -2.71874e-20)
1342	Ua	0	(0.0101886 0.0130353 0)	59.995	(0.0498085 0.0148949 -2.71874e-20)
1343	Ua	0	(0.0101886 0.0130353 0)	59.9965	(0.0498085 0.0148949 -2.71874e-20)
1344	Ua	0	(0.0101886 0.0130353 0)	59.998	(0.0498085 0.0148949 -2.71874e-20)
1345	Ua	0	(0.0101886 0.0130353 0)	59.9994	(0.0498085 0.0148949 -2.71874e-20)
1346	Ua	0	(0.0101886 0.0130353 0)	60.0008	(0.0498085 0.0148949 -2.71874e-20)
1347	Ua	0	(0.0101886 0.0130353 0)	60.0022	(0.0498085 0.0148949 -2.71874e-20)
1348	Ua	0	(0.0101886 0.0130353 0)	60.0036	(0.0498085 0.0148949 -2.71874e-20)
1349	Ua	0	(0.0101886 0.0130353 0)	60.0049	(0.0498085 0.0148949 -2.71874e-20)
1350	Ua	0	(0.0101886 0.0130353 0)	60.0063	(0.0498085 0.0148949 -2.71874e-20)
1351	Ua	0	(0.0101886 0.0130353 0)	60.0076	(0.0498085 0.0148949 -2.71874e-20)
1352	Ua	0	(0.0101886 0.0130353 0)	60.0089	(0.0498085 0.0148949 -2.71874e-20)
1353	Ua	0	(0.0101886 0.0130353 0)	60.0101	(0.0498085 0.0148949 -2.71874e-20)
1354	Ua	0	(0.0101886 0.0130353 0)	60.0114	(0.0498085 0.0148949 -2.71874e-20)
1355	Ua	0	(0.0101886 0.0130353 0)	60.0126	(0.0498085 0.0148949 -2.71874e-20)
1356	Ua	0	(0.0101886 0.0130353 0)	60.0138	(0.0498085 0.0148949 -2.71874e-20)
1357	Ua	0	(0.0101886 0.0130353 0)	60.015	(0.0498085 0.0148949 -2.71874e-20)
1358	Ua	0	(0.0101886 0.0130353 0)	60.0162	(0.0498085 0.0148949 -2.71874e-20)
1359	Ua	0	(0.0101886 0.0130353 0)	60.0174	(0.0498085 0.0148949 -2.71874e-20)
1360	Ua	0	(0.0101886 0.0130353 0)	60.0185	(0.0498085 0.0148949 -2.71874e-20)
1361	Ua	0	(0.0101886 0.0130353 0)	60.0196	(0.0498085 0.0148949 -2.71874e-20)
1362	Ua	0	(0.0101886 0.0130353 0)	60.0208	(0.0498085 0.0148949 -2.71874e-20)
1363	Ua	0	(0.0101886 0.0130353 0)	60.0218	(0.0498085 0.0148949 -2.71874e-20)
1364	Ua	0	(0.0101886 0.0130353 0)	60.0229	(0.0498085 0.0148949 -2.71874e-20)
1365	Ua	0	(0.0101886 0.0130353 0)	60.024	(0.0498085 0.0148949 -2.71874e-20)
1366	Ua	0	(0.0101886 0.0130353 0)	60.025	(0.0498085 0.0148949 -2.71874e-20)
1367	Ua	0	(0.0101886 0.0130353 0)	60.0261	(0.0498085 0.0148949 -2.71874e-20)
1368	Ua	0	(0.0101886 0.0130353 0)	60.0271	(0.0498085 0.0148949 -2.71874e-20)
1369	Ua	0	(0.0101886 0.0130353 0)	60.0281	(0.0498085 0.0148949 -2.71874e-20)
1370	Ua	0	(0.0101886 0.0130353 0)	60.0291	(0.0498085 0.0148949 -2.71874e-20)
1371	Ua	0	(0.0101886 0.0130353 0)	60.03	(0.0498085 0.0148949 -2.71874e-20)
1372	Ua	0	(0.0101886 0.0130353 0)	60.031	(0.0498085 0.0148949 -2.71874e-20)
1373	Ua	0	(0.0101886 0.0130353 0)	60.0319	(0.0498085 0.0148949 -2.71874e-20)
1374	Ua	0	(0.0101886 0.0130353 0)	60.0328	(0.0498085 0.0148949 -2.71874e-20)
1375	Ua	0	(0.0101886 0.0130353 0)	60.0337	(0.0498085 0.0148949 -2.71874e-20)
1376	Ua	0	(0.0101886 0.0130353 0)	60.0346	(0.0498085 0.0148949 -2.71874e-20)
1377	Ua	0	(0.0101886 0.0130353 0)	60.0355	(0.0498085 0.0148949 -2.71874e-20)
1378	Ua	0	(0.0101886 0.0130353 0)	60.0364	(0.0498085 0.0148949 -2.71874e-20)
1379	Ua	0	(0.0101886 0.0130353 0)	60.0373	(0.0498085 0.0148949 -2.71874e-20)
1380	Ua	0	(0.0101886 0.0130353 0)	60.0381	(0.0498085 0.0148949 -2.71874e-20)
1381	Ua	0	(0.0101886 0.0130353 0)	60.0389	(0.0498085 0.0148949 -2.71874e-20)
1382	Ua	0	(0.0101886 0.0130353 0)	60.0397	(0.0498085 0.0148949 -2.71874e-20)
1383	Ua	0	(0.0101886 0.0130353 0)	60.0405	(0.0498085 0.0148949 -2.71874e-20)
1384	Ua	0	(0.0101886 0.0130353 0)	60.0413	(0.0498085 0.0148949 -2.71874e-20)
1385	Ua	0	(0.0101886 0.0130353 0)	60.0421	(0.0498085 0.0148949 -2.71874e-20)
1386	Ua	0	(0.0101886 0.0130353 0)	60.0429	(0.0498085 0.0148949 -2.71874e-20)
1387	Ua	0	(0.0101886 0.0130353 0)	60.0436	(0.0498085 0.0148949 -2.71874e-20)
1388	Ua	0	(0.0101886 0.0130353 0)	60.0444	(0.0498085 0.0148949 -2.71874e-20)
1389	Ua	0	(0.0101886 0.0130353 0)	60.0451	(0.0498085 0.0148949 -2.71874e-20)
1390	Ua	0	(0.0101886 0.0130353 0)	60.0458	(0.0498085 0.0148949 -2.71874e-20)
1391	Ua	0	(0.0101886 0.0130353 0)	60.0465	(0.0498085 0.0148949 -2.71874e-20)
1392	Ua	0	(0.0101886 0.0130353 0)	60.0472	(0.0498085 0.0148949 -2.71874e-20)
1393	Ua	0	(0.0101886 0.0130353 0)	60.0479	(0.0498085 0.0148949 -2.71874e-20)
1394	Ua	0	(0.0101886 0.0130353 0)	60.0486	(0.0498085 0.0148949 -2.71874e-20)
1395	Ua	0	(0.0101886 0.0130353 0)	60.0493	(0.0498085 0.0148949 -2.71874e-20)
1396	Ua	0	(0.0101886 0.0130353 0)	60.0499	(0.0498085 0.0148949 -2.71874e-20)
1397	Ua	0	(0.0101886 0.0130353 0)	60.0505	(0.0498085 0.0148949 -2.71874e-20)
1398	Ua	0	(0.0101886 0.0130353 0)	60.0512	(0.0498085 0.0148949 -2.71874e-20)
1399	Ua	0	(0.0101886 0.0130353 0)	60.0518	(0.0498085 0.0148949 -2.71874e-20)
1400	Ua	0	(0.0101886 0.0130353 0)	60.0524	(0.0498085 0.0148949 -2.71874e-20)
1401	Ua	0	(0.0101886 0.0130353 0)	60.053	(0.0498085 0.0148949 -2.71874e-20)
1402	Ua	0	(0.0101886 0.0130353 0)	60.0536	(0.0498085 0.0148949 -2.71874e-20)
1403	Ua	0	(0.0101886 0.0130353 0)	60.0542	(0.0498085 0.0148949 -2.71874e-20)
1404	Ua	0	(0.0101886 0.0130353 0)	60.0548	(0.0498085 0.0148949 -2.71874e-20)
1405	Ua	0	(0.0101886 0.0130353 0)	60.0553	(0.0498085 0.0148949 -2.71874e-20)
1406	Ua	0	(0.0101886 0.0130353 0)	60.0559	(0.0498085 0.0148949 -2.71874e-20)
1407	Ua	0	(0.0101886 0.0130353 0)	60.0564	(0.0498085 0.0148949 -2.71874e-20)
1408	Ua	0	(0.0101886 0.0130353 0)	60.057	(0.0498085 0.0148949 -2.71874e-20)
1409	Ua	0	(0.0101886 0.0130353 0)	60.0575	(0.0498085 0.0148949 -2.71874e-20)
1410	Ua	0	(0.0101886 0.0130353 0)	60.058	(0.0498085 0.0148949 -2.71874e-20)
1411	Ua	0	(0.0101886 0.0130353 0)	60.0585	(0.0498085 0.0148949 -2.71874e-20)
1412	Ua	0	(0.0101886 0.0130353 0)	60.059	(0.0498085 0.0148949 -2.71874e-20)
1413	Ua	0	(0.0101886 0.0130353 0)	60.0595	(0.0498085 0.0148949 -2.71874e-20)
1414	Ua	0	(0.0101886 0.0130353 0)	60.06	(0.0498085 0.0148949 -2.71874e-20)
1415	Ua	0	(0.0101886 0.0130353 0)	60.0605	(0.0498085 0.0148949 -2.71874e-20)
1416	Ua	0	(0.0101886 0.0130353 0)	60.061	(0.0498085 0.0148949 -2.71874e-20)
1417	Ua	0	(0.0101886 0.0130353 0)	60.0614	(0.0498085 0.0148949 -2.71874e-20)
1418	Ua	0	(0.0101886 0.0130353 0)	60.0619	(0.0498085 0.0148949 -2.71874e-20)
1419	Ua	0	(0.0101886 0.0130353 0)	60.0623	(0.0498085 0.0148949 -2.71874e-20)
1420	Ua	0	(0.0101886 0.0130353 0)	60.0628	(0.0498085 0.0148949 -2.71874e-20)
1421	Ua	0	(0.0101886 0.0130353 0)	60.0632	(0.0498085 0.0148949 -2.71874e-20)
1422	Ua	0	(0.0101886 0.0130353 0)	60.0636	(0.0498085 0.0148949 -2.71874e-20)
1423	Ua	0	(0.0101886 0.0130353 0)	60.064	(0.0498085 0.0148949 -2.71874e-20)
1424	Ua	0	(0.0101886 0.0130353 0)	60.0644	(0.0498085 0.0148949 -2.71874e-20)
1425	Ua	0	(0.0101886 0.0130353 0)	60.0648	(0.0498085 0.0148949 -2.71874e-20)
1426	Ua	0	(0.0101886 0.0130353 0)	60.0652	(0.0498085 0.0148949 -2.71874e-20)
1427	Ua	0	(0.0101886 0.0130353 0)	60.0656	(0.0498085 0.0148949 -2.71874e-20)
1428	Ua	0	(0.0101886 0.0130353 0)	60.066	(0.0498085 0.0148949 -2.71874e-20)
1429	Ua	0	(0.0101886 0.0130353 0)	60.0664	(0.0498085 0.0148949 -2.71874e-20)
1430	Ua	0	(0.0101886 0.0130353 0)	60.0667	(0.0498085 0.0148949 -2.71874e-20)
1431	Ua	0	(0.0101886 0.0130353 0)	60.0671	(0.0498085 0.0148949 -2.71874e-20)
1432	Ua	0	(0.0101886 0.0130353 0)	60.0675	(0.0498085 0.0148949 -2.71874e-20)
1433	Ua	0	(0.0101886 0.0130353 0)	60.0678	(0.0498085 0.0148949 -2.71874e-20)
1434	Ua	0	(0.0101886 0.0130353 0)	60.0681	(0.0498085 0.0148949 -2.71874e-20)
1435	Ua	0	(0.0101886 0.0130353 0)	60.0685	(0.0498085 0.0148949 -2.71874e-20)
1436	Ua	0	(0.0101886 0.0130353 0)	60.0688	(0.0498085 0.0148949 -2.71874e-20)
1437	Ua	0	(0.0101886 0.0130353 0)	60.0691	(0.0498085 0.0148949 -2.71874e-20)
1438	Ua	0	(0.0101886 0.0130353 0)	60.0695	(0.0498085 0.0148949 -2.71874e-20)
1439	Ua	0	(0.0101886 0.0130353 0)	60.0698	(0.0498085 0.0148949 -2.71874e-20)
1440	Ua	0	(0.0101886 0.0130353 0)	60.0701	(0.0498085 0.0148949 -2.71874e-20)
1441	Ua	0	(0.0101886 0.0130353 0)	60.0704	(0.0498085 0.0148949 -2.71874e-20)
1442	Ua	0	(0.0101886 0.0130353 0)	60.0707	(0.0498085 0.0148949 -2.71874e-20)
1443	Ua	0	(0.0101886 0.0130353 0)	60.071	(0.0498085 0.0148949 -2.71874e-20)
1444	Ua	0	(0.0101886 0.0130353 0)	60.0713	(0.0498085 0.0148949 -2.71874e-20)
1445	Ua	0	(0.0101886 0.0130353 0)	60.0715	(0.0498085 0.0148949 -2.71874e-20)
1446	Ua	0	(0.0101886 0.0130353 0)	60.0718	(0.0498085 0.0148949 -2.71874e-20)
1447	Ua	0	(0.0101886 0.0130353 0)	60.0721	(0.0498085 0.0148949 -2.71874e-20)
1448	Ua	0	(0.0101886 0.0130353 0)	60.0723	(0.0498085 0.0148949 -2.71874e-20)
1449	Ua	0	(0.0101886 0.0130353 0)	60.0726	(0.0498085 0.0148949 -2.71874e-20)
1450	Ua	0	(0.0101886 0.0130353 0)	60.0729	(0.0498085 0.0148949 -2.71874e-20)
1451	Ua	0	(0.0101886 0.0130353 0)	60.0731	(0.0498085 0.0148949 -2.71874e-20)
1452	Ua	0	(0.0101886 0.0130353 0)	60.0734	(0.0498085 0.0148949 -2.71874e-20)
1453	Ua	0	(0.0101886 0.0130353 0)	60.0736	(0.0498085 0.0148949 -2.71874e-20)
1454	Ua	0	(0.0101886 0.0130353 0)	60.0738	(0.0498085 0.0148949 -2.71874e-20)
1455	Ua	0	(0.0101886 0.0130353 0)	60.0741	(0.0498085 0.0148949 -2.71874e-20)
1456	Ua	0	(0.0101886 0.0130353 0)	60.0743	(0.0498085 0.0148949 -2.71874e-20)
1457	Ua	0	(0.0101886 0.0130353 0)	60.0745	(0.0498085 0.0148949 -2.71874e-20)
1458	Ua	0	(0.0101886 0.0130353 0)	60.0747	(0.0498085 0.0148949 -2.71874e-20)
1459	Ua	0	(0.0101886 0.0130353 0)	60.0749	(0.0498085 0.0148949 -2.71874e-20)
1460	Ua	0	(0.0101886 0.0130353 0)	60.0751	(0.0498085 0.0148949 -2.71874e-20)
1461	Ua	0	(0.0101886 0.0130353 0)	60.0754	(0.0498085 0.0148949 -2.71874e-20)
1462	Ua	0	(0.0101886 0.0130353 0)	60.0756	(0.0498085 0.0148949 -2.71874e-20)
1463	Ua	0	(0.0101886 0.0130353 0)	60.0758	(0.0498085 0.0148949 -2.71874e-20)
1464	Ua	0	(0.0101886 0.0130353 0)	60.0759	(0.0498085 0.0148949 -2.71874e-20)
1465	Ua	0	(0.0101886 0.0130353 0)	60.0761	(0.0498085 0.0148949 -2.71874e-20)
1466	Ua	0	(0.0101886 0.0130353 0)	60.0763	(0.0498085 0.0148949 -2.71874e-20)
1467	Ua	0	(0.0101886 0.0130353 0)	60.0765	(0.0498085 0.0148949 -2.71874e-20)
1468	Ua	0	(0.0101886 0.0130353 0)	60.0767	(0.0498085 0.0148949 -2.71874e-20)
1469	Ua	0	(0.0101886 0.0130353 0)	60.0769	(0.0498085 0.0148949 -2.71874e-20)
1470	Ua	0	(0.0101886 0.0130353 0)	60.077	(0.0498085 0.0148949 -2.71874e-20)
1471	Ua	0	(0.0101886 0.0130353 0)	60.0772	(0.0498085 0.0148949 -2.71874e-20)
1472	Ua	0	(0.0101886 0.0130353 0)	60.0774	(0.0498085 0.0148949 -2.71874e-20)
1473	Ua	0	(0.0101886 0.0130353 0)	60.0775	(0.0498085 0.0148949 -2.71874e-20)
1474	Ua	0	(0.0101886 0.0130353 0)	60.0777	(0.0498085 0.0148949 -2.71874e-20)
1475	Ua	0	(0.0101886 0.0130353 0)	60.0778	(0.0498085 0.0148949 -2.71874e-20)
1476	Ua	0	(0.0101886 0.0130353 0)	60.078	(0.0498085 0.0148949 -2.71874e-20)
1477	Ua	0	(0.0101886 0.0130353 0)	60.0781	(0.0498085 0.0148949 -2.71874e-20)
1478	Ua	0	(0.0101886 0.0130353 0)	60.0783	(0.0498085 0.0148949 -2.71874e-20)
1479	Ua	0	(0.0101886 0.0130353 0)	60.0784	(0.0498085 0.0148949 -2.71874e-20)
1480	Ua	0	(0.0101886 0.0130353 0)	60.0785	(0.0498085 0.0148949 -2.71874e-20)
1481	Ua	0	(0.0101886 0.0130353 0)	60.0787	(0.0498085 0.0148949 -2.71874e-20)
1482	Ua	0	(0.0101886 0.0130353 0)	60.0788	(0.0498085 0.0148949 -2.71874e-20)
1483	Ua	0	(0.0101886 0.0130353 0)	60.0789	(0.0498085 0.0148949 -2.71874e-20)
1484	Ua	0	(0.0101886 0.0130353 0)	60.0791	(0.0498085 0.0148949 -2.71874e-20)
1485	Ua	0	(0.0101886 0.0130353 0)	60.0792	(0.0498085 0.0148949 -2.71874e-20)
1486	Ua	0	(0.0101886 0.0130353 0)	60.0793	(0.0498085 0.0148949 -2.71874e-20)
1487	Ua	0	(0.0101886 0.0130353 0)	60.0794	(0.0498085 0.0148949 -2.71874e-20)
1488	Ua	0	(0.0101886 0.0130353 0)	60.0795	(0.0498085 0.0148949 -2.71874e-20)
1489	Ua	0	(0.0101886 0.0130353 0)	60.0796	(0.0498085 0.0148949 -2.71874e-20)
1490	Ua	0	(0.0101886 0.0130353 0)	60.0798	(0.0498085 0.0148949 -2.71874e-20)
1491	Ua	0	(0.0101886 0.0130353 0)	60.0799	(0.0498085 0.0148949 -2.71874e-20)
1492	Ua	0	(0.0101886 0.0130353 0)	60.08	(0.0498085 0.0148949 -2.71874e-20)
1493	Ua	0	(0.0101886 0.0130353 0)	60.0801	(0.0498085 0.0148949 -2.71874e-20)
1494	Ua	0	(0.0101886 0.0130353 0)	60.0802	(0.0498085 0.0148949 -2.71874e-20)
1495	Ua	0	(0.0101886 0.0130353 0)	60.0803	(0.0498085 0.0148949 -2.71874e-20)
1496	Ua	0	(0.0101886 0.0130353 0)	60.0803	(0.0498085 0.0148949 -2.71874e-20)
1497	Ua	0	(0.0101886 0.0130353 0)	60.0804	(0.0498085 0.0148949 -2.71874e-20)
1498	Ua	0	(0.0101886 0.0130353 0)	60.0805	(0.0498085 0.0148949 -2.71874e-20)
1499	Ua	0	(0.0101886 0.0130353 0)	60.0806	(0.0498085 0.0148949 -2.71874e-20)
1500	Ua	0	(0.0101886 0.0130353 0)	60.0807	(0.0498085 0.0148949 -2.71874e-20)
1501	Ua	0	(0.0101886 0.0130353 0)	60.0808	(0.0498085 0.0148949 -2.71874e-20)
1502	Ua	0	(0.0101886 0.0130353 0)	60.0809	(0.0498085 0.0148949 -2.71874e-20)
1503	Ua	0	(0.0101886 0.0130353 0)	60.0809	(0.0498085 0.0148949 -2.71874e-20)
1504	Ua	0	(0.0101886 0.0130353 0)	60.081	(0.0498085 0.0148949 -2.71874e-20)
1505	Ua	0	(0.0101886 0.0130353 0)	60.0811	(0.0498085 0.0148949 -2.71874e-20)
1506	Ua	0	(0.0101886 0.0130353 0)	60.0812	(0.0498085 0.0148949 -2.71874e-20)
1507	Ua	0	(0.0101886 0.0130353 0)	60.0812	(0.0498085 0.0148949 -2.71874e-20)
1508	Ua	0	(0.0101886 0.0130353 0)	60.0813	(0.0498085 0.0148949 -2.71874e-20)
1509	Ua	0	(0.0101886 0.0130353 0)	60.0814	(0.0498085 0.0148949 -2.71874e-20)
1510	Ua	0	(0.0101886 0.0130353 0)	60.0814	(0.0498085 0.0148949 -2.71874e-20)
1511	Ua	0	(0.0101886 0.0130353 0)	60.0815	(0.0498085 0.0148949 -2.71874e-20)
1512	Ua	0	(0.0101886 0.0130353 0)	60.0815	(0.0498085 0.0148949 -2.71874e-20)
1513	Ua	0	(0.0101886 0.0130353 0)	60.0816	(0.0498085 0.0148949 -2.71874e-20)
1514	Ua	0	(0.0101886 0.0130353 0)	60.0817	(0.0498085 0.0148949 -2.71874e-20)
1515	Ua	0	(0.0101886 0.0130353 0)	60.0817	(0.0498085 0.0148949 -2.71874e-20)
1516	Ua	0	(0.0101886 0.0130353 0)	60.0818	(0.0498085 0.0148949 -2.71874e-20)
1517	Ua	0	(0.0101886 0.0130353 0)	60.0818	(0.0498085 0.0148949 -2.71874e-20)
1518	Ua	0	(0.0101886 0.0130353 0)	60.0819	(0.0498085 0.0148949 -2.71874e-20)
1519	Ua	0	(0.0101886 0.0130353 0)	60.0819	(0.0498085 0.0148949 -2.71874e-20)
1520	Ua	0	(0.0101886 0.0130353 0)	60.082	(0.0498085 0.0148949 -2.71874e-20)
1521	Ua	0	(0.0101886 0.0130353 0)	60.082	(0.0498085 0.0148949 -2.71874e-20)
1522	Ua	0	(0.0101886 0.0130353 0)	60.082	(0.0498085 0.0148949 -2.71874e-20)
1523	Ua	0	(0.0101886 0.0130353 0)	60.0821	(0.0498085 0.0148949 -2.71874e-20)
1524	Ua	0	(0.0101886 0.0130353 0)	60.0821	(0.0498085 0.0148949 -2.71874e-20)
1525	Ua	0	(0.0101886 0.0130353 0)	60.0822	(0.0498085 0.0148949 -2.71874e-20)
1526	Ua	0	(0.0101886 0.0130353 0)	60.0822	(0.0498085 0.0148949 -2.71874e-20)
1527	Ua	0	(0.0101886 0.0130353 0)	60.0822	(0.0498085 0.0148949 -2.71874e-20)
1528	Ua	0	(0.0101886 0.0130353 0)	60.0823	(0.0498085 0.0148949 -2.71874e-20)
1529	Ua	0	(0.0101886 0.0130353 0)	60.0823	(0.0498085 0.0148949 -2.71874e-20)
1530	Ua	0	(0.0101886 0.0130353 0)	60.0823	(0.0498085 0.0148949 -2.71874e-20)
1531	Ua	0	(0.0101886 0.0130353 0)	60.0824	(0.0498085 0.0148949 -2.71874e-20)
1532	Ua	0	(0.0101886 0.0130353 0)	60.0824	(0.0498085 0.0148949 -2.71874e-20)
1533	Ua	0	(0.0101886 0.0130353 0)	60.0824	(0.0498085 0.0148949 -2.71874e-20)
1534	Ua	0	(0.0101886 0.0130353 0)	60.0824	(0.0498085 0.0148949 -2.71874e-20)
1535	Ua	0	(0.0101886 0.0130353 0)	60.0825	(0.0498085 0.0148949 -2.71874e-20)
1536	Ua	0	(0.0101886 0.0130353 0)	60.0825	(0.0498085 0.0148949 -2.71874e-20)
1537	Ua	0	(0.0101886 0.0130353 0)	60.0825	(0.0498085 0.0148949 -2.71874e-20)
1538	Ua	0	(0.0101886 0.0130353 0)	60.0825	(0.0498085 0.0148949 -2.71874e-20)
1539	Ua	0	(0.0101886 0.0130353 0)	60.0825	(0.0498085 0.0148949 -2.71874e-20)
1540	Ua	0	(0.0101886 0.0130353 0)	60.0826	(0.0498085 0.0148949 -2.71874e-20)
1541	Ua	0	(0.0101886 0.0130353 0)	60.0826	(0.0498085 0.0148949 -2.71874e-20)
1542	Ua	0	(0.0101886 0.0130353 0)	60.0826	(0.0498085 0.0148949 -2.71874e-20)
1543	Ua	0	(0.0101886 0.0130353 0)	60.0826	(0.0498085 0.0148949 -2.71874e-20)
1544	Ua	0	(0.0101886 0.0130353 0)	60.0826	(0.0498085 0.0148949 -2.71874e-20)
1545	Ua	0	(0.0101886 0.0130353 0)	60.0826	(0.0498085 0.0148949 -2.71874e-20)
1546	Ua	0	(0.0101886 0.0130353 0)	60.0826	(0.0498085 0.0148949 -2.71874e-20)
1547	Ua	0	(0.0101886 0.0130353 0)	60.0827	(0.0498085 0.0148949 -2.71874e-20)
1548	Ua	0	(0.0101886 0.0130353 0)	60.0827	(0.0498085 0.0148949 -2.71874e-20)
1549	Ua	0	(0.0101886 0.0130353 0)	60.0827	(0.0498085 0.0148949 -2.71874e-20)
1550	Ua	0	(0.0101886 0.0130353 0)	60.0827	(0.0498085 0.0148949 -2.71874e-20)
1551	Ua	0	(0.0101886 0.0130353 0)	60.0827	(0.0498085 0.0148949 -2.71874e-20)
1552	Ua	0	(0.0101886 0.0130353 0)	60.0827	(0.0498085 0.0148949 -2.71874e-20)
1553	Ua	0	(0.0101886 0.0130353 0)	60.0827	(0.0498085 0.0148949 -2.71874e-20)
1554	Ua	0	(0.0101886 0.0130353 0)	60.0827	(0.0498085 0.0148949 -2.71874e-20)
1555	Ua	0	(0.0101886 0.0130353 0)	60.0827	(0.0498085 0.0148949 -2.71874e-20)
1556	Ua	0	(0.0101886 0.0130353 0)	60.0827	(0.0498085 0.0148949 -2.71874e-20)
1557	Ua	0	(0.0101886 0.0130353 0)	60.0827	(0.0498085 0.0148949 -2.71874e-20)
1558	Ua	0	(0.0101886 0.0130353 0)	60.0827	(0.0498085 0.0148949 -2.71874e-20)
1559	Ua	0	(0.0101886 0.0130353 0)	60.0827	(0.0498085 0.0148949 -2.71874e-20)
1560	Ua	0	(0.0101886 0.0130353 0)	60.0827	(0.0498085 0.0148949 -2.71874e-20)
1561	Ua	0	(0.0101886 0.0130353 0)	60.0827	(0.0498085 0.0148949 -2.71874e-20)
1562	Ua	0	(0.0101886 0.0130353 0)	60.0827	(0.0498085 0.0148949 -2.71874e-20)
1563	Ua	0	(0.0101886 0.0130353 0)	60.0827	(0.0498085 0.0148949 -2.71874e-20)
1564	Ua	0	(0.0101886 0.0130353 0)	60.0827	(0.0498085 0.0148949 -2.71874e-20)
1565	Ua	0	(0.0101886 0.0130353 0)	60.0827	(0.0498085 0.0148949 -2.71874e-20)
1566	Ua	0	(0.0101886 0.0130353 0)	60.0827	(0.0498085 0.0148949 -2.71874e-20)
1567	Ua	0	(0.0101886 0.0130353 0)	60.0827	(0.0498085 0.0148949 -2.71874e-20)
1568	Ua	0	(0.0101886 0.0130353 0)	60.0827	(0.0498085 0.0148949 -2.71874e-20)
1569	Ua	0	(0.0101886 0.0130353 0)	60.0827	(0.0498085 0.0148949 -2.71874e-20)
1570	Ua	0	(0.0101886 0.0130353 0)	60.0827	(0.0498085 0.0148949 -2.71874e-20)
1571	Ua	0	(0.0101886 0.0130353 0)	60.0826	(0.0498085 0.0148949 -2.71874e-20)
1572	Ua	0	(0.0101886 0.0130353 0)	60.0826	(0.0498085 0.0148949 -2.71874e-20)
1573	Ua	0	(0.0101886 0.0130353 0)	60.0826	(0.0498085 0.0148949 -2.71874e-20)
1574	Ua	0	(0.0101886 0.0130353 0)	60.0826	(0.0498085 0.0148949 -2.71874e-20)
1575	Ua	0	(0.0101886 0.0130353 0)	60.0826	(0.0498085 0.0148949 -2.71874e-20)
1576	Ua	0	(0.0101886 0.0130353 0)	60.0826	(0.0498085 0.0148949 -2.71874e-20)
1577	Ua	0	(0.0101886 0.0130353 0)	60.0826	(0.0498085 0.0148949 -2.71874e-20)
1578	Ua	0	(0.0101886 0.0130353 0)	60.0826	(0.0498085 0.0148949 -2.71874e-20)
1579	Ua	0	(0.0101886 0.0130353 0)	60.0825	(0.0498085 0.0148949 -2.71874e-20)
1580	Ua	0	(0.0101886 0.0130353 0)	60.0825	(0.0498085 0.0148949 -2.71874e-20)
1581	Ua	0	(0.0101886 0.0130353 0)	60.0825	(0.0498085 0.0148949 -2.71874e-20)
1582	Ua	0	(0.0101886 0.0130353 0)	60.0825	(0.0498085 0.0148949 -2.71874e-20)
1583	Ua	0	(0.0101886 0.0130353 0)	60.0825	(0.0498085 0.0148949 -2.71874e-20)
1584	Ua	0	(0.0101886 0.0130353 0)	60.0825	(0.0498085 0.0148949 -2.71874e-20)
1585	Ua	0	(0.0101886 0.0130353 0)	60.0825	(0.0498085 0.0148949 -2.71874e-20)
1586	Ua	0	(0.0101886 0.0130353 0)	60.0824	(0.0498085 0.0148949 -2.71874e-20)
1587	Ua	0	(0.0101886 0.0130353 0)	60.0824	(0.0498085 0.0148949 -2.71874e-20)
1588	Ua	0	(0.0101886 0.0130353 0)	60.0824	(0.0498085 0.0148949 -2.71874e-20)
1589	Ua	0	(0.0101886 0.0130353 0)	60.0824	(0.0498085 0.0148949 -2.71874e-20)
1590	Ua	0	(0.0101886 0.0130353 0)	60.0824	(0.0498085 0.0148949 -2.71874e-20)
1591	Ua	0	(0.0101886 0.0130353 0)	60.0823	(0.0498085 0.0148949 -2.71874e-20)
1592	Ua	0	(0.0101886 0.0130353 0)	60.0823	(0.0498085 0.0148949 -2.71874e-20)
1593	Ua	0	(0.0101886 0.0130353 0)	60.0823	(0.0498085 0.0148949 -2.71874e-20)
1594	Ua	0	(0.0101886 0.0130353 0)	60.0823	(0.0498085 0.0148949 -2.71874e-20)
1595	Ua	0	(0.0101886 0.0130353 0)	60.0823	(0.0498085 0.0148949 -2.71874e-20)
1596	Ua	0	(0.0101886 0.0130353 0)	60.0822	(0.0498085 0.0148949 -2.71874e-20)
1597	Ua	0	(0.0101886 0.0130353 0)	60.0822	(0.0498085 0.0148949 -2.71874e-20)
1598	Ua	0	(0.0101886 0.0130353 0)	60.0822	(0.0498085 0.0148949 -2.71874e-20)
1599	Ua	0	(0.0101886 0.0130353 0)	60.0822	(0.0498085 0.0148949 -2.71874e-20)
1600	Ua	0	(0.0101886 0.0130353 0)	60.0822	(0.0498085 0.0148949 -2.71874e-20)
1601	Ua	0	(0.0101886 0.0130353 0)	60.0821	(0.0498085 0.0148949 -2.71874e-20)
1602	Ua	0	(0.0101886 0.0130353 0)	60.0821	(0.0498085 0.0148949 -2.71874e-20)
1603	Ua	0	(0.0101886 0.0130353 0)	60.0821	(0.0498085 0.0148949 -2.71874e-20)
1604	Ua	0	(0.0101886 0.0130353 0)	60.0821	(0.0498085 0.0148949 -2.71874e-20)
1605	Ua	0	(0.0101886 0.0130353 0)	60.082	(0.0498085 0.0148949 -2.71874e-20)
1606	Ua	0	(0.0101886 0.0130353 0)	60.082	(0.0498085 0.0148949 -2.71874e-20)
1607	Ua	0	(0.0101886 0.0130353 0)	60.082	(0.0498085 0.0148949 -2.71874e-20)
1608	Ua	0	(0.0101886 0.0130353 0)	60.082	(0.0498085 0.0148949 -2.71874e-20)
1609	Ua	0	(0.0101886 0.0130353 0)	60.0819	(0.0498085 0.0148949 -2.71874e-20)
1610	Ua	0	(0.0101886 0.0130353 0)	60.0819	(0.0498085 0.0148949 -2.71874e-20)
1611	Ua	0	(0.0101886 0.0130353 0)	60.0819	(0.0498085 0.0148949 -2.71874e-20)
1612	Ua	0	(0.0101886 0.0130353 0)	60.0819	(0.0498085 0.0148949 -2.71874e-20)
1613	Ua	0	(0.0101886 0.0130353 0)	60.0818	(0.0498085 0.0148949 -2.71874e-20)
1614	Ua	0	(0.0101886 0.0130353 0)	60.0818	(0.0498085 0.0148949 -2.71874e-20)
1615	Ua	0	(0.0101886 0.0130353 0)	60.0818	(0.0498085 0.0148949 -2.71874e-20)
1616	Ua	0	(0.0101886 0.0130353 0)	60.0817	(0.0498085 0.0148949 -2.71874e-20)
1617	Ua	0	(0.0101886 0.0130353 0)	60.0817	(0.0498085 0.0148949 -2.71874e-20)
1618	Ua	0	(0.0101886 0.0130353 0)	60.0817	(0.0498085 0.0148949 -2.71874e-20)
1619	Ua	0	(0.0101886 0.0130353 0)	60.0817	(0.0498085 0.0148949 -2.71874e-20)
1620	Ua	0	(0.0101886 0.0130353 0)	60.0816	(0.0498085 0.0148949 -2.71874e-20)
1621	Ua	0	(0.0101886 0.0130353 0)	60.0816	(0.0498085 0.0148949 -2.71874e-20)
1622	Ua	0	(0.0101886 0.0130353 0)	60.0816	(0.0498085 0.0148949 -2.71874e-20)
1623	Ua	0	(0.0101886 0.0130353 0)	60.0815	(0.0498085 0.0148949 -2.71874e-20)
1624	Ua	0	(0.0101886 0.0130353 0)	60.0815	(0.0498085 0.0148949 -2.71874e-20)
1625	Ua	0	(0.0101886 0.0130353 0)	60.0815	(0.0498085 0.0148949 -2.71874e-20)
1626	Ua	0	(0.0101886 0.0130353 0)	60.0815	(0.0498085 0.0148949 -2.71874e-20)
1627	Ua	0	(0.0101886 0.0130353 0)	60.0814	(0.0498085 0.0148949 -2.71874e-20)
1628	Ua	0	(0.0101886 0.0130353 0)	60.0814	(0.0498085 0.0148949 -2.71874e-20)
1629	Ua	0	(0.0101886 0.0130353 0)	60.0814	(0.0498085 0.0148949 -2.71874e-20)
1630	Ua	0	(0.0101886 0.0130353 0)	60.0813	(0.0498085 0.0148949 -2.71874e-20)
1631	Ua	0	(0.0101886 0.0130353 0)	60.0813	(0.0498085 0.0148949 -2.71874e-20)
1632	Ua	0	(0.0101886 0.0130353 0)	60.0813	(0.0498085 0.0148949 -2.71874e-20)
1633	Ua	0	(0.0101886 0.0130353 0)	60.0812	(0.0498085 0.0148949 -2.71874e-20)
1634	Ua	0	(0.0101886 0.0130353 0)	60.0812	(0.0498085 0.0148949 -2.71874e-20)
1635	Ua	0	(0.0101886 0.0130353 0)	60.0812	(0.0498085 0.0148949 -2.71874e-20)
1636	Ua	0	(0.0101886 0.0130353 0)	60.0812	(0.0498085 0.0148949 -2.71874e-20)
1637	Ua	0	(0.0101886 0.0130353 0)	60.0811	(0.0498085 0.0148949 -2.71874e-20)
1638	Ua	0	(0.0101886 0.0130353 0)	60.0811	(0.0498085 0.0148949 -2.71874e-20)
1639	Ua	0	(0.0101886 0.0130353 0)	60.0811	(0.0498085 0.0148949 -2.71874e-20)
1640	Ua	0	(0.0101886 0.0130353 0)	60.081	(0.0498085 0.0148949 -2.71874e-20)
1641	Ua	0	(0.0101886 0.0130353 0)	60.081	(0.0498085 0.0148949 -2.71874e-20)
1642	Ua	0	(0.0101886 0.0130353 0)	60.081	(0.0498085 0.0148949 -2.71874e-20)
1643	Ua	0	(0.0101886 0.0130353 0)	60.0809	(0.0498085 0.0148949 -2.71874e-20)
1644	Ua	0	(0.0101886 0.0130353 0)	60.0809	(0.0498085 0.0148949 -2.71874e-20)
1645	Ua	0	(0.0101886 0.0130353 0)	60.0809	(0.0498085 0.0148949 -2.71874e-20)
1646	Ua	0	(0.0101886 0.0130353 0)	60.0808	(0.0498085 0.0148949 -2.71874e-20)
1647	Ua	0	(0.0101886 0.0130353 0)	60.0808	(0.0498085 0.0148949 -2.71874e-20)
1648	Ua	0	(0.0101886 0.0130353 0)	60.0808	(0.0498085 0.0148949 -2.71874e-20)
1649	Ua	0	(0.0101886 0.0130353 0)	60.0807	(0.0498085 0.0148949 -2.71874e-20)
1650	Ua	0	(0.0101886 0.0130353 0)	60.0807	(0.0498085 0.0148949 -2.71874e-20)
1651	Ua	0	(0.0101886 0.0130353 0)	60.0807	(0.0498085 0.0148949 -2.71874e-20)
1652	Ua	0	(0.0101886 0.0130353 0)	60.0807	(0.0498085 0.0148949 -2.71874e-20)
1653	Ua	0	(0.0101886 0.0130353 0)	60.0806	(0.0498085 0.0148949 -2.71874e-20)
1654	Ua	0	(0.0101886 0.0130353 0)	60.0806	(0.0498085 0.0148949 -2.71874e-20)
1655	Ua	0	(0.0101886 0.0130353 0)	60.0806	(0.0498085 0.0148949 -2.71874e-20)
1656	Ua	0	(0.0101886 0.0130353 0)	60.0805	(0.0498085 0.0148949 -2.71874e-20)
1657	Ua	0	(0.0101886 0.0130353 0)	60.0805	(0.0498085 0.0148949 -2.71874e-20)
1658	Ua	0	(0.0101886 0.0130353 0)	60.0805	(0.0498085 0.0148949 -2.71874e-20)
1659	Ua	0	(0.0101886 0.0130353 0)	60.0804	(0.0498085 0.0148949 -2.71874e-20)
1660	Ua	0	(0.0101886 0.0130353 0)	60.0804	(0.0498085 0.0148949 -2.71874e-20)
1661	Ua	0	(0.0101886 0.0130353 0)	60.0804	(0.0498085 0.0148949 -2.71874e-20)
1662	Ua	0	(0.0101886 0.0130353 0)	60.0803	(0.0498085 0.0148949 -2.71874e-20)
1663	Ua	0	(0.0101886 0.0130353 0)	60.0803	(0.0498085 0.0148949 -2.71874e-20)
1664	Ua	0	(0.0101886 0.0130353 0)	60.0803	(0.0498085 0.0148949 -2.71874e-20)
1665	Ua	0	(0.0101886 0.0130353 0)	60.0802	(0.0498085 0.0148949 -2.71874e-20)
1666	Ua	0	(0.0101886 0.0130353 0)	60.0802	(0.0498085 0.0148949 -2.71874e-20)
1667	Ua	0	(0.0101886 0.0130353 0)	60.0802	(0.0498085 0.0148949 -2.71874e-20)
1668	Ua	0	(0.0101886 0.0130353 0)	60.0801	(0.0498085 0.0148949 -2.71874e-20)
1669	Ua	0	(0.0101886 0.0130353 0)	60.0801	(0.0498085 0.0148949 -2.71874e-20)
1670	Ua	0	(0.0101886 0.0130353 0)	60.0801	(0.0498085 0.0148949 -2.71874e-20)
1671	Ua	0	(0.0101886 0.0130353 0)	60.08	(0.0498085 0.0148949 -2.71874e-20)
1672	Ua	0	(0.0101886 0.0130353 0)	60.08	(0.0498085 0.0148949 -2.71874e-20)
1673	Ua	0	(0.0101886 0.0130353 0)	60.08	(0.0498085 0.0148949 -2.71874e-20)
1674	Ua	0	(0.0101886 0.0130353 0)	60.0799	(0.0498085 0.0148949 -2.71874e-20)
1675	Ua	0	(0.0101886 0.0130353 0)	60.0799	(0.0498085 0.0148949 -2.71874e-20)
1676	Ua	0	(0.0101886 0.0130353 0)	60.0799	(0.0498085 0.0148949 -2.71874e-20)
1677	Ua	0	(0.0101886 0.0130353 0)	60.0798	(0.0498085 0.0148949 -2.71874e-20)
1678	Ua	0	(0.0101886 0.0130353 0)	60.0798	(0.0498085 0.0148949 -2.71874e-20)
1679	Ua	0	(0.0101886 0.0130353 0)	60.0798	(0.0498085 0.0148949 -2.71874e-20)
1680	Ua	0	(0.0101886 0.0130353 0)	60.0797	(0.0498085 0.0148949 -2.71874e-20)
1681	Ua	0	(0.0101886 0.0130353 0)	60.0797	(0.0498085 0.0148949 -2.71874e-20)
1682	Ua	0	(0.0101886 0.0130353 0)	60.0797	(0.0498085 0.0148949 -2.71874e-20)
1683	Ua	0	(0.0101886 0.0130353 0)	60.0796	(0.0498085 0.0148949 -2.71874e-20)
1684	Ua	0	(0.0101886 0.0130353 0)	60.0796	(0.0498085 0.0148949 -2.71874e-20)
1685	Ua	0	(0.0101886 0.0130353 0)	60.0796	(0.0498085 0.0148949 -2.71874e-20)
1686	Ua	0	(0.0101886 0.0130353 0)	60.0795	(0.0498085 0.0148949 -2.71874e-20)
1687	Ua	0	(0.0101886 0.0130353 0)	60.0795	(0.0498085 0.0148949 -2.71874e-20)
1688	Ua	0	(0.0101886 0.0130353 0)	60.0795	(0.0498085 0.0148949 -2.71874e-20)
1689	Ua	0	(0.0101886 0.0130353 0)	60.0794	(0.0498085 0.0148949 -2.71874e-20)
1690	Ua	0	(0.0101886 0.0130353 0)	60.0794	(0.0498085 0.0148949 -2.71874e-20)
1691	Ua	0	(0.0101886 0.0130353 0)	60.0794	(0.0498085 0.0148949 -2.71874e-20)
1692	Ua	0	(0.0101886 0.0130353 0)	60.0793	(0.0498085 0.0148949 -2.71874e-20)
1693	Ua	0	(0.0101886 0.0130353 0)	60.0793	(0.0498085 0.0148949 -2.71874e-20)
1694	Ua	0	(0.0101886 0.0130353 0)	60.0793	(0.0498085 0.0148949 -2.71874e-20)
1695	Ua	0	(0.0101886 0.0130353 0)	60.0792	(0.0498085 0.0148949 -2.71874e-20)
1696	Ua	0	(0.0101886 0.0130353 0)	60.0792	(0.0498085 0.0148949 -2.71874e-20)
1697	Ua	0	(0.0101886 0.0130353 0)	60.0792	(0.0498085 0.0148949 -2.71874e-20)
1698	Ua	0	(0.0101886 0.0130353 0)	60.0791	(0.0498085 0.0148949 -2.71874e-20)
1699	Ua	0	(0.0101886 0.0130353 0)	60.0791	(0.0498085 0.0148949 -2.71874e-20)
1700	Ua	0	(0.0101886 0.0130353 0)	60.0791	(0.0498085 0.0148949 -2.71874e-20)
1701	Ua	0	(0.0101886 0.0130353 0)	60.079	(0.0498085 0.0148949 -2.71874e-20)
1702	Ua	0	(0.0101886 0.0130353 0)	60.079	(0.0498085 0.0148949 -2.71874e-20)
1703	Ua	0	(0.0101886 0.0130353 0)	60.079	(0.0498085 0.0148949 -2.71874e-20)
1704	Ua	0	(0.0101886 0.0130353 0)	60.0789	(0.0498085 0.0148949 -2.71874e-20)
1705	Ua	0	(0.0101886 0.0130353 0)	60.0789	(0.0498085 0.0148949 -2.71874e-20)
1706	Ua	0	(0.0101886 0.0130353 0)	60.0789	(0.0498085 0.0148949 -2.71874e-20)
1707	Ua	0	(0.0101886 0.0130353 0)	60.0788	(0.0498085 0.0148949 -2.71874e-20)
1708	Ua	0	(0.0101886 0.0130353 0)	60.0788	(0.0498085 0.0148949 -2.71874e-20)
1709	Ua	0	(0.0101886 0.0130353 0)	60.0788	(0.0498085 0.0148949 -2.71874e-20)
1710	Ua	0	(0.0101886 0.0130353 0)	60.0787	(0.0498085 0.0148949 -2.71874e-20)
1711	Ua	0	(0.0101886 0.0130353 0)	60.0787	(0.0498085 0.0148949 -2.71874e-20)
1712	Ua	0	(0.0101886 0.0130353 0)	60.0787	(0.0498085 0.0148949 -2.71874e-20)
1713	Ua	0	(0.0101886 0.0130353 0)	60.0786	(0.0498085 0.0148949 -2.71874e-20)
1714	Ua	0	(0.0101886 0.0130353 0)	60.0786	(0.0498085 0.0148949 -2.71874e-20)
1715	Ua	0	(0.0101886 0.0130353 0)	60.0786	(0.0498085 0.0148949 -2.71874e-20)
1716	Ua	0	(0.0101886 0.0130353 0)	60.0785	(0.0498085 0.0148949 -2.71874e-20)
1717	Ua	0	(0.0101886 0.0130353 0)	60.0785	(0.0498085 0.0148949 -2.71874e-20)
1718	Ua	0	(0.0101886 0.0130353 0)	60.0785	(0.0498085 0.0148949 -2.71874e-20)
1719	Ua	0	(0.0101886 0.0130353 0)	60.0784	(0.0498085 0.0148949 -2.71874e-20)
1720	Ua	0	(0.0101886 0.0130353 0)	60.0784	(0.0498085 0.0148949 -2.71874e-20)
1721	Ua	0	(0.0101886 0.0130353 0)	60.0784	(0.0498085 0.0148949 -2.71874e-20)
1722	Ua	0	(0.0101886 0.0130353 0)	60.0783	(0.0498085 0.0148949 -2.71874e-20)
1723	Ua	0	(0.0101886 0.0130353 0)	60.0783	(0.0498085 0.0148949 -2.71874e-20)
1724	Ua	0	(0.0101886 0.0130353 0)	60.0783	(0.0498085 0.0148949 -2.71874e-20)
1725	Ua	0	(0.0101886 0.0130353 0)	60.0783	(0.0498085 0.0148949 -2.71874e-20)
1726	Ua	0	(0.0101886 0.0130353 0)	60.0782	(0.0498085 0.0148949 -2.71874e-20)
1727	Ua	0	(0.0101886 0.0130353 0)	60.0782	(0.0498085 0.0148949 -2.71874e-20)
1728	Ua	0	(0.0101886 0.0130353 0)	60.0782	(0.0498085 0.0148949 -2.71874e-20)
1729	Ua	0	(0.0101886 0.0130353 0)	60.0781	(0.0498085 0.0148949 -2.71874e-20)
1730	Ua	0	(0.0101886 0.0130353 0)	60.0781	(0.0498085 0.0148949 -2.71874e-20)
1731	Ua	0	(0.0101886 0.0130353 0)	60.0781	(0.0498085 0.0148949 -2.71874e-20)
1732	Ua	0	(0.0101886 0.0130353 0)	60.078	(0.0498085 0.0148949 -2.71874e-20)
1733	Ua	0	(0.0101886 0.0130353 0)	60.078	(0.0498085 0.0148949 -2.71874e-20)
1734	Ua	0	(0.0101886 0.0130353 0)	60.078	(0.0498085 0.0148949 -2.71874e-20)
1735	Ua	0	(0.0101886 0.0130353 0)	60.0779	(0.0498085 0.0148949 -2.71874e-20)
1736	Ua	0	(0.0101886 0.0130353 0)	60.0779	(0.0498085 0.0148949 -2.71874e-20)
1737	Ua	0	(0.0101886 0.0130353 0)	60.0779	(0.0498085 0.0148949 -2.71874e-20)
1738	Ua	0	(0.0101886 0.0130353 0)	60.0778	(0.0498085 0.0148949 -2.71874e-20)
1739	Ua	0	(0.0101886 0.0130353 0)	60.0778	(0.0498085 0.0148949 -2.71874e-20)
1740	Ua	0	(0.0101886 0.0130353 0)	60.0778	(0.0498085 0.0148949 -2.71874e-20)
1741	Ua	0	(0.0101886 0.0130353 0)	60.0778	(0.0498085 0.0148949 -2.71874e-20)
1742	Ua	0	(0.0101886 0.0130353 0)	60.0777	(0.0498085 0.0148949 -2.71874e-20)
1743	Ua	0	(0.0101886 0.0130353 0)	60.0777	(0.0498085 0.0148949 -2.71874e-20)
1744	Ua	0	(0.0101886 0.0130353 0)	60.0777	(0.0498085 0.0148949 -2.71874e-20)
1745	Ua	0	(0.0101886 0.0130353 0)	60.0776	(0.0498085 0.0148949 -2.71874e-20)
1746	Ua	0	(0.0101886 0.0130353 0)	60.0776	(0.0498085 0.0148949 -2.71874e-20)
1747	Ua	0	(0.0101886 0.0130353 0)	60.0776	(0.0498085 0.0148949 -2.71874e-20)
1748	Ua	0	(0.0101886 0.0130353 0)	60.0775	(0.0498085 0.0148949 -2.71874e-20)
1749	Ua	0	(0.0101886 0.0130353 0)	60.0775	(0.0498085 0.0148949 -2.71874e-20)
1750	Ua	0	(0.0101886 0.0130353 0)	60.0775	(0.0498085 0.0148949 -2.71874e-20)
1751	Ua	0	(0.0101886 0.0130353 0)	60.0774	(0.0498085 0.0148949 -2.71874e-20)
1752	Ua	0	(0.0101886 0.0130353 0)	60.0774	(0.0498085 0.0148949 -2.71874e-20)
1753	Ua	0	(0.0101886 0.0130353 0)	60.0774	(0.0498085 0.0148949 -2.71874e-20)
1754	Ua	0	(0.0101886 0.0130353 0)	60.0774	(0.0498085 0.0148949 -2.71874e-20)
1755	Ua	0	(0.0101886 0.0130353 0)	60.0773	(0.0498085 0.0148949 -2.71874e-20)
1756	Ua	0	(0.0101886 0.0130353 0)	60.0773	(0.0498085 0.0148949 -2.71874e-20)
1757	Ua	0	(0.0101886 0.0130353 0)	60.0773	(0.0498085 0.0148949 -2.71874e-20)
1758	Ua	0	(0.0101886 0.0130353 0)	60.0772	(0.0498085 0.0148949 -2.71874e-20)
1759	Ua	0	(0.0101886 0.0130353 0)	60.0772	(0.0498085 0.0148949 -2.71874e-20)
1760	Ua	0	(0.0101886 0.0130353 0)	60.0772	(0.0498085 0.0148949 -2.71874e-20)
1761	Ua	0	(0.0101886 0.0130353 0)	60.0772	(0.0498085 0.0148949 -2.71874e-20)
1762	Ua	0	(0.0101886 0.0130353 0)	60.0771	(0.0498085 0.0148949 -2.71874e-20)
1763	Ua	0	(0.0101886 0.0130353 0)	60.0771	(0.0498085 0.0148949 -2.71874e-20)
1764	Ua	0	(0.0101886 0.0130353 0)	60.0771	(0.0498085 0.0148949 -2.71874e-20)
1765	Ua	0	(0.0101886 0.0130353 0)	60.077	(0.0498085 0.0148949 -2.71874e-20)
1766	Ua	0	(0.0101886 0.0130353 0)	60.077	(0.0498085 0.0148949 -2.71874e-20)
1767	Ua	0	(0.0101886 0.0130353 0)	60.077	(0.0498085 0.0148949 -2.71874e-20)
1768	Ua	0	(0.0101886 0.0130353 0)	60.0769	(0.0498085 0.0148949 -2.71874e-20)
1769	Ua	0	(0.0101886 0.0130353 0)	60.0769	(0.0498085 0.0148949 -2.71874e-20)
1770	Ua	0	(0.0101886 0.0130353 0)	60.0769	(0.0498085 0.0148949 -2.71874e-20)
1771	Ua	0	(0.0101886 0.0130353 0)	60.0769	(0.0498085 0.0148949 -2.71874e-20)
1772	Ua	0	(0.0101886 0.0130353 0)	60.0768	(0.0498085 0.0148949 -2.71874e-20)
1773	Ua	0	(0.0101886 0.0130353 0)	60.0768	(0.0498085 0.0148949 -2.71874e-20)
1774	Ua	0	(0.0101886 0.0130353 0)	60.0768	(0.0498085 0.0148949 -2.71874e-20)
1775	Ua	0	(0.0101886 0.0130353 0)	60.0768	(0.0498085 0.0148949 -2.71874e-20)
1776	Ua	0	(0.0101886 0.0130353 0)	60.0767	(0.0498085 0.0148949 -2.71874e-20)
1777	Ua	0	(0.0101886 0.0130353 0)	60.0767	(0.0498085 0.0148949 -2.71874e-20)
1778	Ua	0	(0.0101886 0.0130353 0)	60.0767	(0.0498085 0.0148949 -2.71874e-20)
1779	Ua	0	(0.0101886 0.0130353 0)	60.0766	(0.0498085 0.0148949 -2.71874e-20)
1780	Ua	0	(0.0101886 0.0130353 0)	60.0766	(0.0498085 0.0148949 -2.71874e-20)
1781	Ua	0	(0.0101886 0.0130353 0)	60.0766	(0.0498085 0.0148949 -2.71874e-20)
1782	Ua	0	(0.0101886 0.0130353 0)	60.0766	(0.0498085 0.0148949 -2.71874e-20)
1783	Ua	0	(0.0101886 0.0130353 0)	60.0765	(0.0498085 0.0148949 -2.71874e-20)
1784	Ua	0	(0.0101886 0.0130353 0)	60.0765	(0.0498085 0.0148949 -2.71874e-20)
1785	Ua	0	(0.0101886 0.0130353 0)	60.0765	(0.0498085 0.0148949 -2.71874e-20)
1786	Ua	0	(0.0101886 0.0130353 0)	60.0764	(0.0498085 0.0148949 -2.71874e-20)
1787	Ua	0	(0.0101886 0.0130353 0)	60.0764	(0.0498085 0.0148949 -2.71874e-20)
1788	Ua	0	(0.0101886 0.0130353 0)	60.0764	(0.0498085 0.0148949 -2.71874e-20)
1789	Ua	0	(0.0101886 0.0130353 0)	60.0764	(0.0498085 0.0148949 -2.71874e-20)
1790	Ua	0	(0.0101886 0.0130353 0)	60.0763	(0.0498085 0.0148949 -2.71874e-20)
1791	Ua	0	(0.0101886 0.0130353 0)	60.0763	(0.0498085 0.0148949 -2.71874e-20)
1792	Ua	0	(0.0101886 0.0130353 0)	60.0763	(0.0498085 0.0148949 -2.71874e-20)
1793	Ua	0	(0.0101886 0.0130353 0)	60.0763	(0.0498085 0.0148949 -2.71874e-20)
1794	Ua	0	(0.0101886 0.0130353 0)	60.0762	(0.0498085 0.0148949 -2.71874e-20)
1795	Ua	0	(0.0101886 0.0130353 0)	60.0762	(0.0498085 0.0148949 -2.71874e-20)
1796	Ua	0	(0.0101886 0.0130353 0)	60.0762	(0.0498085 0.0148949 -2.71874e-20)
1797	Ua	0	(0.0101886 0.0130353 0)	60.0762	(0.0498085 0.0148949 -2.71874e-20)
1798	Ua	0	(0.0101886 0.0130353 0)	60.0761	(0.0498085 0.0148949 -2.71874e-20)
1799	Ua	0	(0.0101886 0.0130353 0)	60.0761	(0.0498085 0.0148949 -2.71874e-20)
1800	Ua	0	(0.0101886 0.0130353 0)	60.0761	(0.0498085 0.0148949 -2.71874e-20)
1801	Ua	0	(0.0101886 0.0130353 0)	60.0761	(0.0498085 0.0148949 -2.71874e-20)
1802	Ua	0	(0.0101886 0.0130353 0)	60.076	(0.0498085 0.0148949 -2.71874e-20)
1803	Ua	0	(0.0101886 0.0130353 0)	60.076	(0.0498085 0.0148949 -2.71874e-20)
1804	Ua	0	(0.0101886 0.0130353 0)	60.076	(0.0498085 0.0148949 -2.71874e-20)
1805	Ua	0	(0.0101886 0.0130353 0)	60.076	(0.0498085 0.0148949 -2.71874e-20)
1806	Ua	0	(0.0101886 0.0130353 0)	60.0759	(0.0498085 0.0148949 -2.71874e-20)
1807	Ua	0	(0.0101886 0.0130353 0)	60.0759	(0.0498085 0.0148949 -2.71874e-20)
1808	Ua	0	(0.0101886 0.0130353 0)	60.0759	(0.0498085 0.0148949 -2.71874e-20)
1809	Ua	0	(0.0101886 0.0130353 0)	60.0759	(0.0498085 0.0148949 -2.71874e-20)
1810	Ua	0	(0.0101886 0.0130353 0)	60.0758	(0.0498085 0.0148949 -2.71874e-20)
1811	Ua	0	(0.0101886 0.0130353 0)	60.0758	(0.0498085 0.0148949 -2.71874e-20)
1812	Ua	0	(0.0101886 0.0130353 0)	60.0758	(0.0498085 0.0148949 -2.71874e-20)
1813	Ua	0	(0.0101886 0.0130353 0)	60.0758	(0.0498085 0.0148949 -2.71874e-20)
1814	Ua	0	(0.0101886 0.0130353 0)	60.0757	(0.0498085 0.0148949 -2.71874e-20)
1815	Ua	0	(0.0101886 0.0130353 0)	60.0757	(0.0498085 0.0148949 -2.71874e-20)
1816	Ua	0	(0.0101886 0.0130353 0)	60.0757	(0.0498085 0.0148949 -2.71874e-20)
1817	Ua	0	(0.0101886 0.0130353 0)	60.0757	(0.0498085 0.0148949 -2.71874e-20)
1818	Ua	0	(0.0101886 0.0130353 0)	60.0756	(0.0498085 0.0148949 -2.71874e-20)
1819	Ua	0	(0.0101886 0.0130353 0)	60.0756	(0.0498085 0.0148949 -2.71874e-20)
1820	Ua	0	(0.0101886 0.0130353 0)	60.0756	(0.0498085 0.0148949 -2.71874e-20)
1821	Ua	0	(0.0101886 0.0130353 0)	60.0756	(0.0498085 0.0148949 -2.71874e-20)
1822	Ua	0	(0.0101886 0.0130353 0)	60.0755	(0.0498085 0.0148949 -2.71874e-20)
1823	Ua	0	(0.0101886 0.0130353 0)	60.0755	(0.0498085 0.0148949 -2.71874e-20)
1824	Ua	0	(0.0101886 0.0130353 0)	60.0755	(0.0498085 0.0148949 -2.71874e-20)
1825	Ua	0	(0.0101886 0.0130353 0)	60.0755	(0.0498085 0.0148949 -2.71874e-20)
1826	Ua	0	(0.0101886 0.0130353 0)	60.0754	(0.0498085 0.0148949 -2.71874e-20)
1827	Ua	0	(0.0101886 0.0130353 0)	60.0754	(0.0498085 0.0148949 -2.71874e-20)
1828	Ua	0	(0.0101886 0.0130353 0)	60.0754	(0.0498085 0.0148949 -2.71874e-20)
1829	Ua	0	(0.0101886 0.0130353 0)	60.0754	(0.0498085 0.0148949 -2.71874e-20)
1830	Ua	0	(0.0101886 0.0130353 0)	60.0754	(0.0498085 0.0148949 -2.71874e-20)
1831	Ua	0	(0.0101886 0.0130353 0)	60.0753	(0.0498085 0.0148949 -2.71874e-20)
1832	Ua	0	(0.0101886 0.0130353 0)	60.0753	(0.0498085 0.0148949 -2.71874e-20)
1833	Ua	0	(0.0101886 0.0130353 0)	60.0753	(0.0498085 0.0148949 -2.71874e-20)
1834	Ua	0	(0.0101886 0.0130353 0)	60.0753	(0.0498085 0.0148949 -2.71874e-20)
1835	Ua	0	(0.0101886 0.0130353 0)	60.0752	(0.0498085 0.0148949 -2.71874e-20)
1836	Ua	0	(0.0101886 0.0130353 0)	60.0752	(0.0498085 0.0148949 -2.71874e-20)
1837	Ua	0	(0.0101886 0.0130353 0)	60.0752	(0.0498085 0.0148949 -2.71874e-20)
1838	Ua	0	(0.0101886 0.0130353 0)	60.0752	(0.0498085 0.0148949 -2.71874e-20)
1839	Ua	0	(0.0101886 0.0130353 0)	60.0752	(0.0498085 0.0148949 -2.71874e-20)
1840	Ua	0	(0.0101886 0.0130353 0)	60.0751	(0.0498085 0.0148949 -2.71874e-20)
1841	Ua	0	(0.0101886 0.0130353 0)	60.0751	(0.0498085 0.0148949 -2.71874e-20)
1842	Ua	0	(0.0101886 0.0130353 0)	60.0751	(0.0498085 0.0148949 -2.71874e-20)
1843	Ua	0	(0.0101886 0.0130353 0)	60.0751	(0.0498085 0.0148949 -2.71874e-20)
1844	Ua	0	(0.0101886 0.0130353 0)	60.075	(0.0498085 0.0148949 -2.71874e-20)
1845	Ua	0	(0.0101886 0.0130353 0)	60.075	(0.0498085 0.0148949 -2.71874e-20)
1846	Ua	0	(0.0101886 0.0130353 0)	60.075	(0.0498085 0.0148949 -2.71874e-20)
1847	Ua	0	(0.0101886 0.0130353 0)	60.075	(0.0498085 0.0148949 -2.71874e-20)
1848	Ua	0	(0.0101886 0.0130353 0)	60.075	(0.0498085 0.0148949 -2.71874e-20)
1849	Ua	0	(0.0101886 0.0130353 0)	60.0749	(0.0498085 0.0148949 -2.71874e-20)
1850	Ua	0	(0.0101886 0.0130353 0)	60.0749	(0.0498085 0.0148949 -2.71874e-20)
1851	Ua	0	(0.0101886 0.0130353 0)	60.0749	(0.0498085 0.0148949 -2.71874e-20)
1852	Ua	0	(0.0101886 0.0130353 0)	60.0749	(0.0498085 0.0148949 -2.71874e-20)
1853	Ua	0	(0.0101886 0.0130353 0)	60.0749	(0.0498085 0.0148949 -2.71874e-20)
1854	Ua	0	(0.0101886 0.0130353 0)	60.0748	(0.0498085 0.0148949 -2.71874e-20)
1855	Ua	0	(0.0101886 0.0130353 0)	60.0748	(0.0498085 0.0148949 -2.71874e-20)
1856	Ua	0	(0.0101886 0.0130353 0)	60.0748	(0.0498085 0.0148949 -2.71874e-20)
1857	Ua	0	(0.0101886 0.0130353 0)	60.0748	(0.0498085 0.0148949 -2.71874e-20)
1858	Ua	0	(0.0101886 0.0130353 0)	60.0748	(0.0498085 0.0148949 -2.71874e-20)
1859	Ua	0	(0.0101886 0.0130353 0)	60.0747	(0.0498085 0.0148949 -2.71874e-20)
1860	Ua	0	(0.0101886 0.0130353 0)	60.0747	(0.0498085 0.0148949 -2.71874e-20)
1861	Ua	0	(0.0101886 0.0130353 0)	60.0747	(0.0498085 0.0148949 -2.71874e-20)
1862	Ua	0	(0.0101886 0.0130353 0)	60.0747	(0.0498085 0.0148949 -2.71874e-20)
1863	Ua	0	(0.0101886 0.0130353 0)	60.0747	(0.0498085 0.0148949 -2.71874e-20)
1864	Ua	0	(0.0101886 0.0130353 0)	60.0746	(0.0498085 0.0148949 -2.71874e-20)
1865	Ua	0	(0.0101886 0.0130353 0)	60.0746	(0.0498085 0.0148949 -2.71874e-20)
1866	Ua	0	(0.0101886 0.0130353 0)	60.0746	(0.0498085 0.0148949 -2.71874e-20)
1867	Ua	0	(0.0101886 0.0130353 0)	60.0746	(0.0498085 0.0148949 -2.71874e-20)
1868	Ua	0	(0.0101886 0.0130353 0)	60.0746	(0.0498085 0.0148949 -2.71874e-20)
1869	Ua	0	(0.0101886 0.0130353 0)	60.0745	(0.0498085 0.0148949 -2.71874e-20)
1870	Ua	0	(0.0101886 0.0130353 0)	60.0745	(0.0498085 0.0148949 -2.71874e-20)
1871	Ua	0	(0.0101886 0.0130353 0)	60.0745	(0.0498085 0.0148949 -2.71874e-20)
1872	Ua	0	(0.0101886 0.0130353 0)	60.0745	(0.0498085 0.0148949 -2.71874e-20)
1873	Ua	0	(0.0101886 0.0130353 0)	60.0745	(0.0498085 0.0148949 -2.71874e-20)
1874	Ua	0	(0.0101886 0.0130353 0)	60.0745	(0.0498085 0.0148949 -2.71874e-20)
1875	Ua	0	(0.0101886 0.0130353 0)	60.0744	(0.0498085 0.0148949 -2.71874e-20)
1876	Ua	0	(0.0101886 0.0130353 0)	60.0744	(0.0498085 0.0148949 -2.71874e-20)
1877	Ua	0	(0.0101886 0.0130353 0)	60.0744	(0.0498085 0.0148949 -2.71874e-20)
1878	Ua	0	(0.0101886 0.0130353 0)	60.0744	(0.0498085 0.0148949 -2.71874e-20)
1879	Ua	0	(0.0101886 0.0130353 0)	60.0744	(0.0498085 0.0148949 -2.71874e-20)
1880	Ua	0	(0.0101886 0.0130353 0)	60.0743	(0.0498085 0.0148949 -2.71874e-20)
1881	Ua	0	(0.0101886 0.0130353 0)	60.0743	(0.0498085 0.0148949 -2.71874e-20)
1882	Ua	0	(0.0101886 0.0130353 0)	60.0743	(0.0498085 0.0148949 -2.71874e-20)
1883	Ua	0	(0.0101886 0.0130353 0)	60.0743	(0.0498085 0.0148949 -2.71874e-20)
1884	Ua	0	(0.0101886 0.0130353 0)	60.0743	(0.0498085 0.0148949 -2.71874e-20)
1885	Ua	0	(0.0101886 0.0130353 0)	60.0743	(0.0498085 0.0148949 -2.71874e-20)
1886	Ua	0	(0.0101886 0.0130353 0)	60.0742	(0.0498085 0.0148949 -2.71874e-20)
1887	Ua	0	(0.0101886 0.0130353 0)	60.0742	(0.0498085 0.0148949 -2.71874e-20)
1888	Ua	0	(0.0101886 0.0130353 0)	60.0742	(0.0498085 0.0148949 -2.71874e-20)
1889	Ua	0	(0.0101886 0.0130353 0)	60.0742	(0.0498085 0.0148949 -2.71874e-20)
1890	Ua	0	(0.0101886 0.0130353 0)	60.0742	(0.0498085 0.0148949 -2.71874e-20)
1891	Ua	0	(0.0101886 0.0130353 0)	60.0742	(0.0498085 0.0148949 -2.71874e-20)
1892	Ua	0	(0.0101886 0.0130353 0)	60.0741	(0.0498085 0.0148949 -2.71874e-20)
1893	Ua	0	(0.0101886 0.0130353 0)	60.0741	(0.0498085 0.0148949 -2.71874e-20)
1894	Ua	0	(0.0101886 0.0130353 0)	60.0741	(0.0498085 0.0148949 -2.71874e-20)
1895	Ua	0	(0.0101886 0.0130353 0)	60.0741	(0.0498085 0.0148949 -2.71874e-20)
1896	Ua	0	(0.0101886 0.0130353 0)	60.0741	(0.0498085 0.0148949 -2.71874e-20)
1897	Ua	0	(0.0101886 0.0130353 0)	60.0741	(0.0498085 0.0148949 -2.71874e-20)
1898	Ua	0	(0.0101886 0.0130353 0)	60.074	(0.0498085 0.0148949 -2.71874e-20)
1899	Ua	0	(0.0101886 0.0130353 0)	60.074	(0.0498085 0.0148949 -2.71874e-20)
1900	Ua	0	(0.0101886 0.0130353 0)	60.074	(0.0498085 0.0148949 -2.71874e-20)
1901	Ua	0	(0.0101886 0.0130353 0)	60.074	(0.0498085 0.0148949 -2.71874e-20)
1902	Ua	0	(0.0101886 0.0130353 0)	60.074	(0.0498085 0.0148949 -2.71874e-20)
1903	Ua	0	(0.0101886 0.0130353 0)	60.074	(0.0498085 0.0148949 -2.71874e-20)
1904	Ua	0	(0.0101886 0.0130353 0)	60.074	(0.0498085 0.0148949 -2.71874e-20)
1905	Ua	0	(0.0101886 0.0130353 0)	60.0739	(0.0498085 0.0148949 -2.71874e-20)
1906	Ua	0	(0.0101886 0.0130353 0)	60.0739	(0.0498085 0.0148949 -2.71874e-20)
1907	Ua	0	(0.0101886 0.0130353 0)	60.0739	(0.0498085 0.0148949 -2.71874e-20)
1908	Ua	0	(0.0101886 0.0130353 0)	60.0739	(0.0498085 0.0148949 -2.71874e-20)
1909	Ua	0	(0.0101886 0.0130353 0)	60.0739	(0.0498085 0.0148949 -2.71874e-20)
1910	Ua	0	(0.0101886 0.0130353 0)	60.0739	(0.0498085 0.0148949 -2.71874e-20)
1911	Ua	0	(0.0101886 0.0130353 0)	60.0739	(0.0498085 0.0148949 -2.71874e-20)
1912	Ua	0	(0.0101886 0.0130353 0)	60.0738	(0.0498085 0.0148949 -2.71874e-20)
1913	Ua	0	(0.0101886 0.0130353 0)	60.0738	(0.0498085 0.0148949 -2.71874e-20)
1914	Ua	0	(0.0101886 0.0130353 0)	60.0738	(0.0498085 0.0148949 -2.71874e-20)
1915	Ua	0	(0.0101886 0.0130353 0)	60.0738	(0.0498085 0.0148949 -2.71874e-20)
1916	Ua	0	(0.0101886 0.0130353 0)	60.0738	(0.0498085 0.0148949 -2.71874e-20)
1917	Ua	0	(0.0101886 0.0130353 0)	60.0738	(0.0498085 0.0148949 -2.71874e-20)
1918	Ua	0	(0.0101886 0.0130353 0)	60.0738	(0.0498085 0.0148949 -2.71874e-20)
1919	Ua	0	(0.0101886 0.0130353 0)	60.0737	(0.0498085 0.0148949 -2.71874e-20)
1920	Ua	0	(0.0101886 0.0130353 0)	60.0737	(0.0498085 0.0148949 -2.71874e-20)
1921	Ua	0	(0.0101886 0.0130353 0)	60.0737	(0.0498085 0.0148949 -2.71874e-20)
1922	Ua	0	(0.0101886 0.0130353 0)	60.0737	(0.0498085 0.0148949 -2.71874e-20)
1923	Ua	0	(0.0101886 0.0130353 0)	60.0737	(0.0498085 0.0148949 -2.71874e-20)
1924	Ua	0	(0.0101886 0.0130353 0)	60.0737	(0.0498085 0.0148949 -2.71874e-20)
1925	Ua	0	(0.0101886 0.0130353 0)	60.0737	(0.0498085 0.0148949 -2.71874e-20)
1926	Ua	0	(0.0101886 0.0130353 0)	60.0737	(0.0498085 0.0148949 -2.71874e-20)
1927	Ua	0	(0.0101886 0.0130353 0)	60.0736	(0.0498085 0.0148949 -2.71874e-20)
1928	Ua	0	(0.0101886 0.0130353 0)	60.0736	(0.0498085 0.0148949 -2.71874e-20)
1929	Ua	0	(0.0101886 0.0130353 0)	60.0736	(0.0498085 0.0148949 -2.71874e-20)
1930	Ua	0	(0.0101886 0.0130353 0)	60.0736	(0.0498085 0.0148949 -2.71874e-20)
1931	Ua	0	(0.0101886 0.0130353 0)	60.0736	(0.0498085 0.0148949 -2.71874e-20)
1932	Ua	0	(0.0101886 0.0130353 0)	60.0736	(0.0498085 0.0148949 -2.71874e-20)
1933	Ua	0	(0.0101886 0.0130353 0)	60.0736	(0.0498085 0.0148949 -2.71874e-20)
1934	Ua	0	(0.0101886 0.0130353 0)	60.0736	(0.0498085 0.0148949 -2.71874e-20)
1935	Ua	0	(0.0101886 0.0130353 0)	60.0735	(0.0498085 0.0148949 -2.71874e-20)
1936	Ua	0	(0.0101886 0.0130353 0)	60.0735	(0.0498085 0.0148949 -2.71874e-20)
1937	Ua	0	(0.0101886 0.0130353 0)	60.0735	(0.0498085 0.0148949 -2.71874e-20)
1938	Ua	0	(0.0101886 0.0130353 0)	60.0735	(0.0498085 0.0148949 -2.71874e-20)
1939	Ua	0	(0.0101886 0.0130353 0)	60.0735	(0.0498085 0.0148949 -2.71874e-20)
1940	Ua	0	(0.0101886 0.0130353 0)	60.0735	(0.0498085 0.0148949 -2.71874e-20)
1941	Ua	0	(0.0101886 0.0130353 0)	60.0735	(0.0498085 0.0148949 -2.71874e-20)
1942	Ua	0	(0.0101886 0.0130353 0)	60.0735	(0.0498085 0.0148949 -2.71874e-20)
1943	Ua	0	(0.0101886 0.0130353 0)	60.0734	(0.0498085 0.0148949 -2.71874e-20)
1944	Ua	0	(0.0101886 0.0130353 0)	60.0734	(0.0498085 0.0148949 -2.71874e-20)
1945	Ua	0	(0.0101886 0.0130353 0)	60.0734	(0.0498085 0.0148949 -2.71874e-20)
1946	Ua	0	(0.0101886 0.0130353 0)	60.0734	(0.0498085 0.0148949 -2.71874e-20)
1947	Ua	0	(0.0101886 0.0130353 0)	60.0734	(0.0498085 0.0148949 -2.71874e-20)
1948	Ua	0	(0.0101886 0.0130353 0)	60.0734	(0.0498085 0.0148949 -2.71874e-20)
1949	Ua	0	(0.0101886 0.0130353 0)	60.0734	(0.0498085 0.0148949 -2.71874e-20)
1950	Ua	0	(0.0101886 0.0130353 0)	60.0734	(0.0498085 0.0148949 -2.71874e-20)
1951	Ua	0	(0.0101886 0.0130353 0)	60.0734	(0.0498085 0.0148949 -2.71874e-20)
1952	Ua	0	(0.0101886 0.0130353 0)	60.0734	(0.0498085 0.0148949 -2.71874e-20)
1953	Ua	0	(0.0101886 0.0130353 0)	60.0733	(0.0498085 0.0148949 -2.71874e-20)
1954	Ua	0	(0.0101886 0.0130353 0)	60.0733	(0.0498085 0.0148949 -2.71874e-20)
1955	Ua	0	(0.0101886 0.0130353 0)	60.0733	(0.0498085 0.0148949 -2.71874e-20)
1956	Ua	0	(0.0101886 0.0130353 0)	60.0733	(0.0498085 0.0148949 -2.71874e-20)
1957	Ua	0	(0.0101886 0.0130353 0)	60.0733	(0.0498085 0.0148949 -2.71874e-20)
1958	Ua	0	(0.0101886 0.0130353 0)	60.0733	(0.0498085 0.0148949 -2.71874e-20)
1959	Ua	0	(0.0101886 0.0130353 0)	60.0733	(0.0498085 0.0148949 -2.71874e-20)
1960	Ua	0	(0.0101886 0.0130353 0)	60.0733	(0.0498085 0.0148949 -2.71874e-20)
1961	Ua	0	(0.0101886 0.0130353 0)	60.0733	(0.0498085 0.0148949 -2.71874e-20)
1962	Ua	0	(0.0101886 0.0130353 0)	60.0733	(0.0498085 0.0148949 -2.71874e-20)
1963	Ua	0	(0.0101886 0.0130353 0)	60.0732	(0.0498085 0.0148949 -2.71874e-20)
1964	Ua	0	(0.0101886 0.0130353 0)	60.0732	(0.0498085 0.0148949 -2.71874e-20)
1965	Ua	0	(0.0101886 0.0130353 0)	60.0732	(0.0498085 0.0148949 -2.71874e-20)
1966	Ua	0	(0.0101886 0.0130353 0)	60.0732	(0.0498085 0.0148949 -2.71874e-20)
1967	Ua	0	(0.0101886 0.0130353 0)	60.0732	(0.0498085 0.0148949 -2.71874e-20)
1968	Ua	0	(0.0101886 0.0130353 0)	60.0732	(0.0498085 0.0148949 -2.71874e-20)
1969	Ua	0	(0.0101886 0.0130353 0)	60.0732	(0.0498085 0.0148949 -2.71874e-20)
1970	Ua	0	(0.0101886 0.0130353 0)	60.0732	(0.0498085 0.0148949 -2.71874e-20)
1971	Ua	0	(0.0101886 0.0130353 0)	60.0732	(0.0498085 0.0148949 -2.71874e-20)
1972	Ua	0	(0.0101886 0.0130353 0)	60.0732	(0.0498085 0.0148949 -2.71874e-20)
1973	Ua	0	(0.0101886 0.0130353 0)	60.0732	(0.0498085 0.0148949 -2.71874e-20)
1974	Ua	0	(0.0101886 0.0130353 0)	60.0732	(0.0498085 0.0148949 -2.71874e-20)
1975	Ua	0	(0.0101886 0.0130353 0)	60.0731	(0.0498085 0.0148949 -2.71874e-20)
1976	Ua	0	(0.0101886 0.0130353 0)	60.0731	(0.0498085 0.0148949 -2.71874e-20)
1977	Ua	0	(0.0101886 0.0130353 0)	60.0731	(0.0498085 0.0148949 -2.71874e-20)
1978	Ua	0	(0.0101886 0.0130353 0)	60.0731	(0.0498085 0.0148949 -2.71874e-20)
1979	Ua	0	(0.0101886 0.0130353 0)	60.0731	(0.0498085 0.0148949 -2.71874e-20)
1980	Ua	0	(0.0101886 0.0130353 0)	60.0731	(0.0498085 0.0148949 -2.71874e-20)
1981	Ua	0	(0.0101886 0.0130353 0)	60.0731	(0.0498085 0.0148949 -2.71874e-20)
1982	Ua	0	(0.0101886 0.0130353 0)	60.0731	(0.0498085 0.0148949 -2.71874e-20)
1983	Ua	0	(0.0101886 0.0130353 0)	60.0731	(0.0498085 0.0148949 -2.71874e-20)
1984	Ua	0	(0.0101886 0.0130353 0)	60.0731	(0.0498085 0.0148949 -2.71874e-20)
1985	Ua	0	(0.0101886 0.0130353 0)	60.0731	(0.0498085 0.0148949 -2.71874e-20)
1986	Ua	0	(0.0101886 0.0130353 0)	60.0731	(0.0498085 0.0148949 -2.71874e-20)
1987	Ua	0	(0.0101886 0.0130353 0)	60.0731	(0.0498085 0.0148949 -2.71874e-20)
1988	Ua	0	(0.0101886 0.0130353 0)	60.073	(0.0498085 0.0148949 -2.71874e-20)
1989	Ua	0	(0.0101886 0.0130353 0)	60.073	(0.0498085 0.0148949 -2.71874e-20)
1990	Ua	0	(0.0101886 0.0130353 0)	60.073	(0.0498085 0.0148949 -2.71874e-20)
1991	Ua	0	(0.0101886 0.0130353 0)	60.073	(0.0498085 0.0148949 -2.71874e-20)
1992	Ua	0	(0.0101886 0.0130353 0)	60.073	(0.0498085 0.0148949 -2.71874e-20)
1993	Ua	0	(0.0101886 0.0130353 0)	60.073	(0.0498085 0.0148949 -2.71874e-20)
1994	Ua	0	(0.0101886 0.0130353 0)	60.073	(0.0498085 0.0148949 -2.71874e-20)
1995	Ua	0	(0.0101886 0.0130353 0)	60.073	(0.0498085 0.0148949 -2.71874e-20)
1996	Ua	0	(0.0101886 0.0130353 0)	60.073	(0.0498085 0.0148949 -2.71874e-20)
1997	Ua	0	(0.0101886 0.0130353 0)	60.073	(0.0498085 0.0148949 -2.71874e-20)
1998	Ua	0	(0.0101886 0.0130353 0)	60.073	(0.0498085 0.0148949 -2.71874e-20)
1999	Ua	0	(0.0101886 0.0130353 0)	60.073	(0.0498085 0.0148949 -2.71874e-20)
2000	Ua	0	(0.0101886 0.0130353 0)	60.073	(0.0498085 0.0148949 -2.71874e-20)
