/*--------------------------------*- C++ -*----------------------------------*\
| =========                 |                                                 |
| \\      /  F ield         | OpenFOAM: The Open Source CFD Toolbox           |
|  \\    /   O peration     | Version:  2.2.x                                 |
|   \\  /    A nd           | Web:      www.OpenFOAM.org                      |
|    \\/     M anipulation  |                                                 |
\*---------------------------------------------------------------------------*/
FoamFile
{
    version     2.0;
    format      ascii;
    class       volScalarField;
    location    "1000";
    object      nut;
}
// * * * * * * * * * * * * * * * * * * * * * * * * * * * * * * * * * * * * * //

dimensions      [0 2 -1 0 0 0 0];

internalField   nonuniform List<scalar> 
5000
(
1.61802e-05
7.09091e-05
0.000238745
0.000497292
0.000692092
0.000794852
0.000839827
0.000856589
0.000861275
0.000861363
0.000860007
0.000858427
0.000857031
0.000855908
0.000855042
0.000854382
0.000853881
0.000853498
0.000853203
0.000852973
0.000852792
0.000852649
0.000852533
0.00085244
0.000852363
0.0008523
0.000852248
0.000852204
0.000852167
0.000852136
0.00085211
0.000852087
0.000852068
0.000852052
0.000852038
0.000852025
0.000852015
0.000852006
0.000851998
0.000851991
0.000851985
0.00085198
0.000851976
0.000851972
0.000851969
0.000851966
0.000851964
0.000851963
0.000851962
0.000851961
2.04096e-05
3.93072e-05
0.000119899
0.000302185
0.000510482
0.000675794
0.000778642
0.00083253
0.000856597
0.000865066
0.000866364
0.000864864
0.0008626
0.000860409
0.000858563
0.0008571
0.000855971
0.000855109
0.000854451
0.000853945
0.000853554
0.000853247
0.000853004
0.000852809
0.000852652
0.000852524
0.000852418
0.000852331
0.000852258
0.000852197
0.000852145
0.000852101
0.000852064
0.000852032
0.000852005
0.000851981
0.000851961
0.000851943
0.000851928
0.000851915
0.000851903
0.000851894
0.000851885
0.000851878
0.000851872
0.000851867
0.000851863
0.00085186
0.000851858
0.000851857
2.33929e-05
2.90935e-05
7.8205e-05
0.000207738
0.000386484
0.000563716
0.000700611
0.000788887
0.000837886
0.000861029
0.000869456
0.000870564
0.000868606
0.00086575
0.000862959
0.00086058
0.000858675
0.000857196
0.00085606
0.000855191
0.000854522
0.000854003
0.000853596
0.000853275
0.000853017
0.000852809
0.000852639
0.000852499
0.000852384
0.000852287
0.000852205
0.000852137
0.000852078
0.000852029
0.000851986
0.00085195
0.000851918
0.000851891
0.000851868
0.000851847
0.00085183
0.000851815
0.000851802
0.000851791
0.000851782
0.000851774
0.000851768
0.000851763
0.000851759
0.000851757
2.55353e-05
2.43247e-05
5.79531e-05
0.000154604
0.000303017
0.000471268
0.000621466
0.000733825
0.000806586
0.000847589
0.000867067
0.000873822
0.000874028
0.000871437
0.000868054
0.00086481
0.000862049
0.000859832
0.000858102
0.00085677
0.000855746
0.000854955
0.000854341
0.000853859
0.000853476
0.00085317
0.000852921
0.000852718
0.000852551
0.000852412
0.000852296
0.000852198
0.000852115
0.000852045
0.000851985
0.000851934
0.000851889
0.000851851
0.000851819
0.00085179
0.000851766
0.000851745
0.000851727
0.000851712
0.000851699
0.000851688
0.000851679
0.000851672
0.000851668
0.000851665
2.70423e-05
2.19243e-05
4.66669e-05
0.000122159
0.000245914
0.000398543
0.000549143
0.00067489
0.00076646
0.000825216
0.000858061
0.000873213
0.000877764
0.000876812
0.000873544
0.000869706
0.000866122
0.000863093
0.000860661
0.000858759
0.000857289
0.000856155
0.000855277
0.000854593
0.000854053
0.000853624
0.000853279
0.000852999
0.000852769
0.00085258
0.000852422
0.00085229
0.000852178
0.000852084
0.000852004
0.000851935
0.000851876
0.000851826
0.000851782
0.000851745
0.000851713
0.000851685
0.000851661
0.000851641
0.000851624
0.00085161
0.000851599
0.00085159
0.000851584
0.00085158
2.80186e-05
2.06861e-05
3.98924e-05
0.000101379
0.000206222
0.000342467
0.000486609
0.000617287
0.000721567
0.000795641
0.000842325
0.000867766
0.000878752
0.000881086
0.000878974
0.000875075
0.000870864
0.000867031
0.000863819
0.000861245
0.000859229
0.000857666
0.000856456
0.000855516
0.000854779
0.000854197
0.000853732
0.000853357
0.000853051
0.0008528
0.000852592
0.000852419
0.000852273
0.00085215
0.000852046
0.000851957
0.000851882
0.000851817
0.000851761
0.000851713
0.000851672
0.000851637
0.000851607
0.000851581
0.00085156
0.000851542
0.000851528
0.000851517
0.000851509
0.000851505
2.85319e-05
2.00608e-05
3.56469e-05
8.7654e-05
0.000178235
0.000299552
0.000434182
0.000563983
0.000675282
0.000761069
0.000820507
0.000857021
0.000876081
0.000883381
0.00088372
0.000880572
0.00087614
0.000871641
0.000867637
0.000864309
0.000861647
0.00085956
0.000857937
0.000856676
0.000855692
0.000854918
0.000854303
0.00085381
0.000853411
0.000853085
0.000852816
0.000852593
0.000852406
0.000852249
0.000852117
0.000852004
0.000851908
0.000851827
0.000851757
0.000851697
0.000851645
0.000851601
0.000851564
0.000851533
0.000851506
0.000851485
0.000851467
0.000851454
0.000851445
0.00085144
2.86429e-05
1.97778e-05
3.29531e-05
7.84387e-05
0.00015827
0.000266735
0.000390962
0.000516315
0.000630037
0.000723681
0.00079376
0.00084104
0.000869114
0.000882835
0.000887023
0.000885676
0.00088167
0.00087682
0.000872118
0.00086801
0.00086462
0.000861913
0.000859787
0.000858129
0.000856835
0.000855821
0.00085502
0.000854381
0.000853866
0.000853448
0.000853105
0.000852822
0.000852585
0.000852388
0.000852221
0.00085208
0.000851961
0.000851859
0.000851772
0.000851698
0.000851635
0.000851581
0.000851535
0.000851497
0.000851465
0.000851439
0.000851418
0.000851403
0.000851392
0.000851386
2.84204e-05
1.9703e-05
3.13073e-05
7.22759e-05
0.000143944
0.000241597
0.000355652
0.000474631
0.000587437
0.000685433
0.000763559
0.000820429
0.000857662
0.000878795
0.00088812
0.000889748
0.000887027
0.000882343
0.000877187
0.00087236
0.000868205
0.000864795
0.000862075
0.000859936
0.000858262
0.00085695
0.000855917
0.000855097
0.000854439
0.000853908
0.000853474
0.000853117
0.000852821
0.000852573
0.000852366
0.000852191
0.000852044
0.000851918
0.000851811
0.000851721
0.000851643
0.000851578
0.000851523
0.000851476
0.000851438
0.000851406
0.000851382
0.000851363
0.000851351
0.000851344
2.79323e-05
1.97839e-05
3.04811e-05
6.83715e-05
0.000133791
0.000222472
0.000327194
0.000439087
0.00054886
0.000648396
0.000731932
0.000796594
0.000842288
0.000871095
0.000886412
0.000892052
0.000891543
0.000887699
0.000882495
0.000877142
0.000872274
0.000868138
0.000864764
0.000862075
0.000859957
0.000858295
0.000856986
0.000855951
0.000855124
0.000854459
0.000853919
0.000853476
0.00085311
0.000852806
0.000852552
0.000852338
0.000852158
0.000852005
0.000851876
0.000851766
0.000851673
0.000851594
0.000851527
0.000851471
0.000851425
0.000851388
0.000851359
0.000851336
0.000851322
0.000851313
2.76195e-05
1.99303e-05
3.04073e-05
6.716e-05
0.00012976
0.000213993
0.000313634
0.000421098
0.000528195
0.000627403
0.000712938
0.000781375
0.000831759
0.000865279
0.000884629
0.000893237
0.000894561
0.000891579
0.000886534
0.000880913
0.00087557
0.000870902
0.000867023
0.000863895
0.000861413
0.000859457
0.000857917
0.000856698
0.000855727
0.000854947
0.000854314
0.000853797
0.000853371
0.000853017
0.000852722
0.000852474
0.000852265
0.000852088
0.000851939
0.000851812
0.000851704
0.000851613
0.000851537
0.000851473
0.00085142
0.000851377
0.000851344
0.000851319
0.000851303
0.000851294
2.72763e-05
2.00842e-05
3.04253e-05
6.62311e-05
0.000126502
0.000207089
0.000302527
0.000406199
0.000510774
0.000609261
0.000695971
0.000767158
0.000821273
0.000858802
0.000881816
0.000893326
0.000896622
0.000894732
0.000890082
0.000884387
0.000878708
0.000873596
0.000869263
0.000865722
0.000862889
0.000860646
0.000858874
0.000857472
0.000856356
0.00085546
0.000854735
0.000854142
0.000853655
0.000853251
0.000852913
0.000852631
0.000852392
0.000852191
0.00085202
0.000851876
0.000851753
0.00085165
0.000851562
0.000851489
0.000851429
0.00085138
0.000851342
0.000851314
0.000851295
0.000851286
2.69066e-05
2.02736e-05
3.05186e-05
6.53755e-05
0.000123387
0.000200501
0.000291924
0.000391882
0.000493824
0.000591277
0.00067871
0.00075218
0.000809658
0.000851016
0.000877723
0.000892334
0.000897896
0.000897403
0.000893407
0.000887825
0.000881922
0.000876421
0.00087165
0.00086769
0.000864488
0.000861938
0.000859917
0.000858317
0.000857042
0.000856021
0.000855195
0.000854522
0.000853969
0.00085351
0.000853128
0.000852808
0.000852539
0.000852311
0.000852118
0.000851954
0.000851816
0.000851699
0.0008516
0.000851517
0.000851449
0.000851394
0.000851351
0.000851319
0.000851298
0.000851288
2.6523e-05
2.05166e-05
3.07094e-05
6.46312e-05
0.000120464
0.000194271
0.000281848
0.000378164
0.000477375
0.000573519
0.000661274
0.000736591
0.000797068
0.000842044
0.000872422
0.000890281
0.000898363
0.000899559
0.000896482
0.000891213
0.000885216
0.000879393
0.000874206
0.000869821
0.000866234
0.000863355
0.000861064
0.000859245
0.000857798
0.000856638
0.000855702
0.000854941
0.000854316
0.000853799
0.000853368
0.000853007
0.000852704
0.000852448
0.000852231
0.000852047
0.000851892
0.00085176
0.000851649
0.000851556
0.00085148
0.000851418
0.00085137
0.000851334
0.000851311
0.000851299
2.61277e-05
2.08255e-05
3.10137e-05
6.40241e-05
0.000117774
0.000188455
0.000272373
0.000365144
0.000461568
0.000556174
0.000643887
0.000720628
0.000783718
0.000832044
0.000865991
0.000887164
0.000897962
0.000901105
0.000899206
0.000894466
0.000888527
0.000882472
0.000876909
0.000872109
0.000868125
0.000864898
0.000862316
0.000860261
0.000858624
0.000857313
0.000856257
0.000855399
0.000854696
0.000854115
0.000853632
0.000853228
0.000852889
0.000852602
0.00085236
0.000852154
0.00085198
0.000851833
0.000851709
0.000851606
0.000851521
0.000851452
0.000851398
0.000851358
0.000851332
0.000851318
2.57252e-05
2.12099e-05
3.14436e-05
6.35686e-05
0.000115337
0.000183081
0.000263539
0.000352887
0.000446506
0.000539393
0.000626743
0.000704511
0.000769819
0.000821186
0.000858536
0.000883015
0.000896656
0.000901962
0.000901483
0.000897492
0.000891781
0.000885604
0.000879726
0.000874531
0.00087015
0.000866561
0.00086367
0.000861361
0.000859519
0.000858045
0.000856858
0.000855895
0.000855107
0.000854458
0.000853919
0.000853469
0.000853091
0.000852772
0.000852502
0.000852274
0.00085208
0.000851917
0.00085178
0.000851665
0.00085157
0.000851494
0.000851434
0.000851389
0.00085136
0.000851346
2.53211e-05
2.16774e-05
3.20094e-05
6.32735e-05
0.000113159
0.000178153
0.000255356
0.000341425
0.000432257
0.000523291
0.000610006
0.000688436
0.000755579
0.000809657
0.000850191
0.000877902
0.000894451
0.000902084
0.00090324
0.000900212
0.000894908
0.000888737
0.000882619
0.000877067
0.000872296
0.000868338
0.000865125
0.000862545
0.000860482
0.000858831
0.000857503
0.000856428
0.000855549
0.000854827
0.000854228
0.000853728
0.000853309
0.000852955
0.000852657
0.000852405
0.000852191
0.00085201
0.000851859
0.000851732
0.000851627
0.000851543
0.000851477
0.000851428
0.000851396
0.000851379
2.49206e-05
2.22355e-05
3.27198e-05
6.31444e-05
0.000111239
0.000173665
0.000247819
0.000330765
0.00041886
0.000507952
0.000593808
0.000672577
0.00074119
0.000797641
0.00084111
0.000871925
0.000891385
0.000901456
0.000904426
0.00090256
0.000897842
0.000891815
0.000885549
0.000879688
0.000874548
0.000870221
0.000866674
0.00086381
0.000861513
0.000859672
0.000858193
0.000856996
0.00085602
0.000855219
0.000854556
0.000854004
0.000853541
0.000853152
0.000852824
0.000852546
0.000852311
0.000852112
0.000851945
0.000851806
0.000851691
0.000851598
0.000851526
0.000851472
0.000851437
0.000851419
2.45287e-05
2.28911e-05
3.3582e-05
6.31854e-05
0.000109575
0.000169604
0.00024091
0.0003209
0.000406332
0.000493432
0.00057825
0.000657077
0.000726824
0.000785317
0.000831448
0.000865199
0.00088752
0.00090009
0.000905012
0.000904483
0.000900524
0.000894785
0.000888474
0.000882367
0.000876886
0.000872198
0.000868312
0.000865152
0.000862608
0.000860566
0.000858924
0.000857598
0.000856519
0.000855634
0.000854903
0.000854296
0.000853787
0.00085336
0.000853
0.000852695
0.000852438
0.000852221
0.000852038
0.000851886
0.000851761
0.000851659
0.00085158
0.000851522
0.000851483
0.000851463
2.41497e-05
2.36505e-05
3.46013e-05
6.33987e-05
0.000108161
0.000165951
0.000234604
0.000311809
0.000394672
0.000479764
0.000563407
0.000642053
0.000712631
0.000772847
0.00082136
0.000857848
0.000882937
0.000898019
0.00090499
0.000905945
0.000902904
0.000897597
0.000891352
0.000885071
0.00087929
0.000874256
0.000870032
0.000866568
0.000863765
0.00086151
0.000859696
0.000858232
0.000857043
0.00085607
0.000855267
0.000854601
0.000854045
0.000853578
0.000853185
0.000852852
0.000852572
0.000852335
0.000852137
0.000851971
0.000851835
0.000851724
0.000851638
0.000851574
0.000851532
0.000851511
2.37879e-05
2.45194e-05
3.57815e-05
6.37858e-05
0.000106991
0.000162688
0.000228872
0.000303464
0.000383866
0.000466961
0.000549332
0.000627598
0.000698737
0.000760378
0.000810995
0.000850002
0.000877731
0.000895295
0.000904371
0.000906926
0.000904945
0.000900207
0.00089414
0.000887768
0.000881734
0.000876379
0.000871822
0.00086805
0.00086498
0.000862502
0.000860507
0.000858897
0.000857591
0.000856524
0.000855646
0.000854919
0.000854312
0.000853804
0.000853376
0.000853015
0.000852711
0.000852454
0.000852239
0.000852059
0.000851912
0.000851792
0.000851699
0.00085163
0.000851584
0.000851561
2.3447e-05
2.55023e-05
3.71238e-05
6.43472e-05
0.000106059
0.000159797
0.000223686
0.000295831
0.000373892
0.000455023
0.000536057
0.000613782
0.000685247
0.000748039
0.000800489
0.000841788
0.000872003
0.000891984
0.000903183
0.000907421
0.00090662
0.000902579
0.000896802
0.000890423
0.000884195
0.000878549
0.000873671
0.000869592
0.000866248
0.000863539
0.000861354
0.00085959
0.000858161
0.000856995
0.000856038
0.000855247
0.000854588
0.000854037
0.000853573
0.000853183
0.000852854
0.000852577
0.000852344
0.00085215
0.000851991
0.000851862
0.000851761
0.000851687
0.000851637
0.000851612
2.31305e-05
2.66018e-05
3.86269e-05
6.50823e-05
0.000105359
0.00015726
0.000219015
0.000288878
0.00036472
0.000443942
0.000523602
0.000600659
0.000672248
0.000735943
0.000789968
0.000833329
0.000865858
0.00088816
0.000901468
0.00090744
0.000907914
0.000904682
0.000899305
0.000893007
0.000886646
0.000880746
0.000875566
0.000871184
0.000867564
0.000864617
0.000862234
0.00086031
0.000858751
0.000857482
0.000856442
0.000855584
0.000854871
0.000854275
0.000853775
0.000853354
0.000852999
0.000852701
0.000852451
0.000852243
0.000852071
0.000851933
0.000851825
0.000851745
0.000851691
0.000851664
2.28416e-05
2.78181e-05
4.02867e-05
6.59896e-05
0.000104887
0.000155061
0.000214833
0.00028257
0.000356321
0.0004337
0.000511974
0.000588266
0.000659808
0.000724185
0.000779544
0.00082474
0.000859401
0.000883906
0.000899278
0.000907005
0.000908825
0.000906497
0.000901619
0.000895489
0.000889061
0.000882951
0.000877493
0.000872817
0.000868921
0.000865731
0.000863145
0.000861053
0.00085936
0.000857983
0.000856856
0.000855928
0.000855158
0.000854516
0.000853979
0.000853526
0.000853146
0.000852826
0.000852558
0.000852335
0.000852151
0.000852003
0.000851888
0.000851802
0.000851745
0.000851716
2.25829e-05
2.91485e-05
4.20961e-05
6.70662e-05
0.000104638
0.000153187
0.000211116
0.000276877
0.000348665
0.000424277
0.000501171
0.000576629
0.000647983
0.000712846
0.000769317
0.000816128
0.000852733
0.000879307
0.000896672
0.000906149
0.000909359
0.000908014
0.000903722
0.000897844
0.000891416
0.000885142
0.000879434
0.000874478
0.00087031
0.000866877
0.000864081
0.000861817
0.000859984
0.000858495
0.000857279
0.000856278
0.00085545
0.000854761
0.000854184
0.0008537
0.000853293
0.000852951
0.000852665
0.000852427
0.000852231
0.000852073
0.00085195
0.000851858
0.000851798
0.000851767
2.23567e-05
3.05867e-05
4.40445e-05
6.83078e-05
0.000104607
0.000151626
0.000207842
0.00027177
0.000341721
0.000415652
0.000491189
0.000565765
0.000636816
0.000701996
0.000759375
0.000807592
0.000845951
0.000874447
0.000893716
0.000904911
0.000909533
0.000909229
0.0009056
0.000900051
0.000893689
0.000887301
0.000881375
0.000876157
0.000871724
0.000868046
0.00086504
0.000862599
0.000860622
0.000859017
0.000857708
0.000856633
0.000855745
0.000855006
0.00085439
0.000853873
0.000853439
0.000853075
0.00085277
0.000852517
0.000852309
0.000852141
0.00085201
0.000851913
0.000851848
0.000851816
2.21647e-05
3.2123e-05
4.61188e-05
6.97087e-05
0.000104791
0.00015037
0.000204995
0.000267225
0.000335463
0.000407802
0.000482019
0.000555685
0.000626341
0.000691692
0.000749795
0.00079922
0.000839147
0.000869412
0.000890479
0.000903341
0.000909373
0.000910147
0.000907243
0.000902091
0.000895858
0.000889407
0.000883298
0.000877839
0.000873152
0.000869234
0.000866015
0.000863396
0.000861271
0.000859547
0.000858141
0.00085699
0.00085604
0.000855252
0.000854595
0.000854045
0.000853584
0.000853197
0.000852874
0.000852605
0.000852385
0.000852207
0.000852068
0.000851965
0.000851897
0.000851862
2.20079e-05
3.37445e-05
4.83031e-05
7.12618e-05
0.000105187
0.000149412
0.00020256
0.000263222
0.00032987
0.00040071
0.000473652
0.000546397
0.000616586
0.000681982
0.000740646
0.000791095
0.000832408
0.000864284
0.00088703
0.000901489
0.000908911
0.000910782
0.000908649
0.000903952
0.000897908
0.000891443
0.000885188
0.000879513
0.000874585
0.000870433
0.000867003
0.000864202
0.000861928
0.000860082
0.000858579
0.000857348
0.000856336
0.000855497
0.000854798
0.000854215
0.000853726
0.000853316
0.000852974
0.00085269
0.000852457
0.000852269
0.000852123
0.000852014
0.000851942
0.000851906
2.1887e-05
3.54356e-05
5.058e-05
7.29589e-05
0.000105793
0.00014875
0.000200531
0.000259748
0.000324924
0.00039436
0.000466081
0.000537907
0.000607575
0.00067291
0.000731988
0.00078329
0.000825815
0.000859142
0.00088344
0.000899411
0.000908183
0.000911153
0.000909821
0.000905628
0.000899823
0.000893392
0.00088703
0.000881165
0.000876013
0.000871634
0.000867996
0.000865015
0.00086259
0.00086062
0.000859017
0.000857707
0.00085663
0.000855739
0.000854999
0.000854382
0.000853865
0.000853432
0.000853072
0.000852772
0.000852527
0.000852329
0.000852174
0.00085206
0.000851984
0.000851946
2.1802e-05
3.71795e-05
5.29323e-05
7.47921e-05
0.000106607
0.000148385
0.000198906
0.000256796
0.000320616
0.000388742
0.000459301
0.000530219
0.000599327
0.000664511
0.000723872
0.000775871
0.00081944
0.00085406
0.000879778
0.000897166
0.000907232
0.000911285
0.00091077
0.000907117
0.000901597
0.000895244
0.00088881
0.000882783
0.000877425
0.000872831
0.000868991
0.00086583
0.000863253
0.000861159
0.000859455
0.000858064
0.000856922
0.000855979
0.000855197
0.000854545
0.000854
0.000853545
0.000853165
0.00085285
0.000852592
0.000852384
0.000852222
0.000852102
0.000852023
0.000851983
2.17524e-05
3.89977e-05
5.53849e-05
7.67935e-05
0.000107666
0.000148347
0.000197704
0.000254371
0.000316935
0.000383833
0.000453281
0.000523302
0.000591814
0.000656768
0.000716296
0.000768848
0.000813308
0.000849074
0.000876083
0.00089479
0.000906092
0.000911203
0.000911513
0.000908427
0.000903231
0.000896996
0.000890527
0.000884365
0.00087882
0.000874022
0.000869984
0.000866647
0.000863919
0.000861699
0.000859893
0.000858419
0.000857211
0.000856216
0.000855391
0.000854704
0.000854131
0.000853653
0.000853254
0.000852924
0.000852653
0.000852436
0.000852266
0.00085214
0.000852057
0.000852015
2.17412e-05
4.08706e-05
5.79648e-05
7.89895e-05
0.000108991
0.000148647
0.000196921
0.00025245
0.000313839
0.000379576
0.000447954
0.000517084
0.000584967
0.000649621
0.000709212
0.000762192
0.000807407
0.000844185
0.000872369
0.000892305
0.000904783
0.000910928
0.000912065
0.00090957
0.000904732
0.000898653
0.000892182
0.000885912
0.000880198
0.000875208
0.000870979
0.000867468
0.000864588
0.000862241
0.000860332
0.000858774
0.000857499
0.00085645
0.000855582
0.00085486
0.000854258
0.000853757
0.000853339
0.000852994
0.000852711
0.000852483
0.000852306
0.000852174
0.000852087
0.000852044
2.17726e-05
4.26987e-05
6.05417e-05
8.13042e-05
0.000110525
0.000149219
0.000196477
0.000250944
0.000311233
0.000375872
0.000443221
0.000511473
0.000578707
0.000643006
0.000702576
0.000755875
0.000801726
0.000839397
0.000868648
0.000889727
0.000903323
0.000910473
0.000912435
0.000910549
0.000906101
0.000900211
0.000893771
0.000887419
0.000881555
0.000876385
0.000871973
0.00086829
0.000865259
0.000862785
0.000860771
0.000859129
0.000857786
0.000856681
0.000855769
0.000855012
0.000854382
0.000853857
0.00085342
0.000853059
0.000852764
0.000852526
0.000852341
0.000852204
0.000852113
0.000852068
2.18439e-05
4.44446e-05
6.31031e-05
8.36613e-05
0.000112148
0.000149954
0.000196273
0.000249755
0.000309017
0.00037262
0.000438984
0.000506374
0.000572948
0.00063685
0.000696329
0.000749857
0.000796241
0.0008347
0.000864923
0.000887066
0.000901725
0.00090985
0.000912632
0.000911369
0.000907336
0.000901668
0.00089529
0.000888883
0.000882889
0.000877552
0.000872963
0.000869112
0.000865932
0.00086333
0.00086121
0.000859482
0.00085807
0.00085691
0.000855953
0.00085516
0.000854501
0.000853953
0.000853497
0.00085312
0.000852812
0.000852565
0.000852372
0.000852229
0.000852135
0.000852088
2.19477e-05
4.60738e-05
6.56078e-05
8.60486e-05
0.00011385
0.000150794
0.000196209
0.000248755
0.000307044
0.000369662
0.000435081
0.000501633
0.000567546
0.000631025
0.000690364
0.000744053
0.000790887
0.000830049
0.000861161
0.000884301
0.000899975
0.000909051
0.00091265
0.000912026
0.000908435
0.000903021
0.000896736
0.000890299
0.000884197
0.000878707
0.00087395
0.000869935
0.000866606
0.000863877
0.00086165
0.000859835
0.000858352
0.000857136
0.000856134
0.000855305
0.000854617
0.000854044
0.000853569
0.000853177
0.000852857
0.000852599
0.000852398
0.00085225
0.000852152
0.000852103
2.20758e-05
4.75611e-05
6.80196e-05
8.84319e-05
0.000115602
0.000151711
0.000196253
0.000247903
0.000305267
0.000366947
0.000431459
0.000497197
0.000562453
0.000625492
0.000684651
0.000738442
0.000785656
0.000825443
0.000857371
0.000881444
0.000898088
0.000908088
0.000912498
0.000912523
0.000909397
0.000904266
0.000898104
0.000891666
0.000885475
0.000879847
0.00087493
0.000870757
0.000867282
0.000864425
0.00086209
0.000860187
0.000858633
0.00085736
0.000856312
0.000855446
0.000854728
0.000854132
0.000853637
0.00085323
0.000852896
0.000852629
0.000852421
0.000852267
0.000852165
0.000852114
2.22203e-05
4.88907e-05
7.03092e-05
9.07801e-05
0.000117377
0.000152679
0.000196372
0.000247161
0.000303642
0.000364428
0.000428072
0.00049302
0.000557627
0.000620214
0.000679161
0.000733005
0.000780536
0.00082088
0.000853557
0.000878505
0.000896073
0.00090697
0.000912182
0.000912865
0.000910224
0.000905403
0.000899393
0.000892978
0.00088672
0.000880969
0.000875904
0.000871576
0.000867958
0.000864973
0.000862531
0.000860539
0.000858913
0.000857581
0.000856487
0.000855584
0.000854836
0.000854215
0.000853701
0.000853278
0.000852932
0.000852655
0.000852439
0.000852279
0.000852174
0.000852121
2.23745e-05
5.00558e-05
7.24543e-05
9.30662e-05
0.000119152
0.000153676
0.000196542
0.000246499
0.000302135
0.000362065
0.000424875
0.000489058
0.000553026
0.000615154
0.000673866
0.000727722
0.000775518
0.000816359
0.000849723
0.000875491
0.00089394
0.000905707
0.00091171
0.000913056
0.000910918
0.000906431
0.0009006
0.000894235
0.00088793
0.000882072
0.000876868
0.000872394
0.000868634
0.000865523
0.000862973
0.000860891
0.000859191
0.000857801
0.000856659
0.000855718
0.000854939
0.000854295
0.000853761
0.000853322
0.000852963
0.000852676
0.000852452
0.000852288
0.000852179
0.000852124
2.25326e-05
5.10563e-05
7.4439e-05
9.52671e-05
0.000120906
0.000154682
0.000196738
0.000245888
0.00030071
0.000359822
0.000421831
0.000485274
0.000548616
0.000610282
0.000668738
0.000722573
0.000770587
0.000811872
0.000845871
0.000872409
0.000891699
0.000904308
0.000911092
0.000913102
0.000911481
0.000907352
0.000901724
0.000895433
0.000889103
0.000883154
0.000877822
0.000873207
0.00086931
0.000866074
0.000863415
0.000861242
0.000859469
0.000858018
0.000856829
0.000855849
0.00085504
0.000854371
0.000853817
0.000853362
0.000852991
0.000852693
0.000852462
0.000852292
0.000852179
0.000852122
2.26904e-05
5.18975e-05
7.62537e-05
9.7364e-05
0.00012262
0.000155679
0.000196943
0.000245304
0.000299341
0.000357666
0.000418904
0.000481633
0.000544361
0.000605566
0.000663753
0.000717539
0.000765733
0.000807416
0.000842
0.000869262
0.000889356
0.000902782
0.000910334
0.00091301
0.000911919
0.000908166
0.000902766
0.000896572
0.000890238
0.000884213
0.000878765
0.000874016
0.000869985
0.000866625
0.000863858
0.000861594
0.000859746
0.000858234
0.000856996
0.000855978
0.000855137
0.000854443
0.00085387
0.000853398
0.000853014
0.000852707
0.000852468
0.000852292
0.000852176
0.000852117
2.28445e-05
5.25885e-05
7.78936e-05
9.93422e-05
0.000124277
0.000156654
0.000197138
0.000244726
0.000298
0.000355567
0.000416064
0.000478101
0.000540232
0.000600979
0.000658888
0.000712602
0.000760943
0.000802984
0.000838109
0.000866055
0.000886917
0.000901136
0.000909442
0.000912785
0.000912234
0.000908876
0.000903726
0.000897651
0.000891332
0.000885248
0.000879695
0.00087482
0.000870659
0.000867178
0.000864303
0.000861947
0.000860022
0.00085845
0.000857162
0.000856104
0.000855232
0.000854512
0.000853919
0.000853431
0.000853034
0.000852717
0.00085247
0.000852289
0.000852168
0.000852108
2.29923e-05
5.31409e-05
7.93583e-05
0.000101191
0.000125865
0.000157593
0.000197312
0.000244137
0.000296667
0.0003535
0.000413282
0.000474651
0.0005362
0.000596495
0.000654119
0.000707744
0.000756204
0.000798568
0.000834198
0.000862789
0.000884388
0.000899375
0.000908425
0.000912433
0.00091243
0.000909484
0.000904604
0.00089867
0.000892386
0.000886258
0.000880613
0.000875619
0.000871333
0.000867731
0.000864749
0.000862301
0.000860299
0.000858664
0.000857326
0.000856227
0.000855323
0.000854578
0.000853964
0.000853461
0.000853051
0.000852723
0.000852469
0.000852282
0.000852158
0.000852096
2.3132e-05
5.35677e-05
8.06509e-05
0.000102902
0.000127371
0.000158486
0.000197451
0.000243523
0.000295323
0.000351443
0.000410534
0.000471256
0.000532239
0.000592089
0.000649425
0.000702948
0.000751504
0.000794162
0.000830262
0.000859467
0.000881773
0.000897507
0.000907287
0.000911958
0.000912512
0.000909992
0.000905401
0.000899629
0.000893399
0.000887244
0.000881517
0.000876413
0.000872006
0.000868286
0.000865197
0.000862656
0.000860577
0.000858878
0.000857489
0.00085635
0.000855413
0.000854642
0.000854007
0.000853487
0.000853064
0.000852726
0.000852464
0.000852271
0.000852144
0.00085208
2.3262e-05
5.38825e-05
8.17771e-05
0.000104471
0.000128786
0.000159322
0.000197547
0.000242869
0.000293949
0.000349374
0.000407795
0.000467891
0.000528325
0.000587738
0.000644786
0.000698197
0.000746832
0.000789757
0.000826299
0.000856087
0.000879075
0.000895536
0.000906034
0.000911366
0.000912483
0.000910403
0.00090612
0.000900529
0.00089437
0.000888203
0.000882407
0.000877201
0.000872678
0.000868843
0.000865647
0.000863013
0.000860856
0.000859093
0.000857651
0.00085647
0.000855501
0.000854703
0.000854047
0.00085351
0.000853074
0.000852726
0.000852456
0.000852258
0.000852126
0.000852061
2.3381e-05
5.40989e-05
8.27443e-05
0.000105896
0.000130102
0.000160095
0.000197591
0.000242167
0.000292533
0.000347276
0.000405045
0.000464535
0.000524435
0.000583421
0.000640183
0.000693475
0.000742174
0.000785346
0.000822305
0.000852651
0.000876296
0.000893466
0.000904672
0.000910662
0.000912348
0.00091072
0.000906761
0.00090137
0.000895301
0.000889138
0.000883284
0.000877983
0.000873349
0.000869402
0.0008661
0.000863373
0.000861137
0.000859308
0.000857814
0.00085659
0.000855587
0.000854762
0.000854085
0.000853531
0.000853082
0.000852723
0.000852445
0.000852241
0.000852106
0.000852038
2.34879e-05
5.42304e-05
8.35616e-05
0.000107177
0.000131315
0.000160797
0.000197576
0.000241405
0.000291061
0.000345131
0.000402265
0.000461165
0.000520547
0.000579117
0.000635597
0.000688766
0.000737518
0.00078092
0.000818275
0.000849155
0.000873437
0.0008913
0.000903204
0.000909851
0.00091211
0.000910946
0.000907327
0.000902153
0.000896191
0.000890047
0.000884147
0.00087876
0.000874021
0.000869963
0.000866557
0.000863736
0.00086142
0.000859525
0.000857977
0.00085671
0.000855672
0.00085482
0.000854121
0.00085355
0.000853087
0.000852718
0.000852432
0.000852222
0.000852083
0.000852014
2.35816e-05
5.42898e-05
8.42392e-05
0.000108316
0.000132419
0.000161422
0.000197495
0.000240577
0.000289522
0.000342926
0.000399436
0.000457762
0.00051664
0.000574806
0.00063101
0.000684055
0.00073285
0.000776469
0.000814202
0.000845599
0.0008705
0.00088904
0.000901634
0.000908935
0.000911773
0.000911084
0.00090782
0.00090288
0.000897042
0.00089093
0.000884997
0.000879533
0.000874693
0.000870527
0.000867018
0.000864104
0.000861706
0.000859744
0.00085814
0.000856829
0.000855756
0.000854876
0.000854155
0.000853566
0.00085309
0.00085271
0.000852416
0.0008522
0.000852058
0.000851986
2.36608e-05
5.42895e-05
8.47878e-05
0.000109316
0.000133413
0.000161966
0.000197343
0.000239675
0.000287904
0.000340645
0.000396541
0.000454307
0.000512696
0.000570468
0.000626402
0.000679324
0.000728159
0.000771983
0.00081008
0.000841977
0.000867482
0.000886688
0.000899964
0.000907917
0.00091134
0.000911136
0.000908242
0.000903552
0.000897854
0.00089179
0.000885834
0.000880301
0.000875366
0.000871096
0.000867483
0.000864475
0.000861996
0.000859965
0.000858306
0.000856949
0.00085584
0.000854931
0.000854187
0.000853581
0.00085309
0.0008527
0.000852398
0.000852176
0.00085203
0.000851956
2.37239e-05
5.42414e-05
8.52189e-05
0.000110184
0.000134295
0.000162422
0.000197113
0.000238689
0.000286195
0.000338271
0.000393559
0.000450777
0.000508689
0.000566079
0.000621751
0.000674553
0.000723426
0.000767449
0.000805899
0.000838284
0.000864381
0.000884243
0.000898195
0.000906801
0.000910813
0.000911104
0.000908593
0.000904169
0.000898628
0.000892625
0.000886659
0.000881065
0.00087604
0.000871668
0.000867954
0.000864852
0.000862291
0.00086019
0.000858473
0.00085707
0.000855924
0.000854986
0.000854219
0.000853594
0.000853089
0.000852688
0.000852377
0.00085215
0.000851999
0.000851924
2.3768e-05
5.41468e-05
8.5544e-05
0.000110929
0.000135073
0.000162787
0.000196782
0.000237578
0.000284338
0.00033574
0.000390423
0.000447104
0.000504557
0.000561583
0.000617009
0.000669702
0.000718618
0.000762842
0.000801642
0.000834509
0.000861191
0.000881702
0.000896326
0.000905586
0.000910192
0.000910989
0.000908876
0.000904734
0.000899364
0.000893437
0.000887471
0.000881825
0.000876716
0.000872246
0.000868431
0.000865235
0.00086259
0.000860419
0.000858643
0.000857193
0.000856008
0.00085504
0.000854249
0.000853606
0.000853087
0.000852674
0.000852355
0.000852121
0.000851967
0.00085189
2.37924e-05
5.40211e-05
8.57705e-05
0.000111557
0.000135744
0.00016307
0.000196382
0.000236394
0.0002824
0.000333122
0.000387203
0.000443355
0.000500358
0.000557031
0.000612217
0.000664804
0.000713762
0.000758179
0.000797319
0.000830657
0.000857912
0.000879064
0.000894357
0.000904269
0.000909476
0.000910789
0.000909086
0.000905241
0.000900058
0.000894222
0.000888268
0.00088258
0.000877393
0.000872827
0.000868914
0.000865624
0.000862895
0.000860651
0.000858816
0.000857317
0.000856093
0.000855094
0.00085428
0.000853617
0.000853083
0.000852659
0.000852331
0.000852091
0.000851933
0.000851854
2.38024e-05
5.39856e-05
8.60165e-05
0.00011216
0.000136401
0.000163376
0.000196038
0.000235282
0.000280537
0.000330579
0.000384058
0.000439685
0.000496243
0.000552562
0.000607506
0.000659979
0.000708963
0.000753554
0.000793012
0.000826795
0.000854599
0.000876372
0.000892316
0.000902872
0.000908675
0.000910506
0.000909222
0.000905687
0.000900705
0.000894973
0.000889045
0.000883323
0.000878066
0.00087341
0.0008694
0.000866016
0.000863203
0.000860887
0.000858991
0.000857443
0.000856179
0.000855149
0.000854309
0.000853627
0.000853078
0.000852642
0.000852306
0.00085206
0.000851897
0.000851816
2.38052e-05
5.40017e-05
8.62702e-05
0.000112736
0.000137039
0.000163699
0.000195746
0.000234242
0.000278751
0.000328115
0.000380995
0.0004361
0.000492217
0.000548185
0.000602882
0.000655232
0.000704229
0.000748976
0.000788728
0.000822933
0.000851262
0.000873632
0.000890211
0.000901398
0.000907793
0.000910144
0.000909286
0.000906071
0.000901304
0.00089569
0.000889799
0.000884054
0.000878733
0.000873992
0.000869888
0.000866413
0.000863516
0.000861126
0.000859169
0.00085757
0.000856266
0.000855203
0.000854338
0.000853636
0.000853072
0.000852624
0.000852279
0.000852027
0.00085186
0.000851777
2.38054e-05
5.40499e-05
8.65262e-05
0.000113282
0.000137654
0.000164031
0.000195496
0.000233265
0.000277039
0.000325726
0.00037801
0.000432598
0.000488276
0.000543894
0.000598344
0.000650564
0.000699562
0.000744446
0.000784472
0.000819074
0.000847904
0.000870851
0.000888047
0.000899853
0.000906833
0.000909705
0.000909279
0.000906394
0.000901854
0.000896371
0.000890529
0.000884771
0.000879395
0.000874573
0.000870378
0.000866812
0.000863832
0.000861369
0.000859349
0.000857699
0.000856354
0.000855258
0.000854367
0.000853645
0.000853065
0.000852605
0.000852251
0.000851992
0.000851822
0.000851736
2.38048e-05
5.41184e-05
8.67823e-05
0.000113801
0.000138246
0.000164366
0.000195284
0.000232349
0.000275395
0.00032341
0.0003751
0.000429173
0.000484418
0.000539688
0.000593889
0.000645973
0.00069496
0.000739967
0.000780245
0.000815223
0.000844532
0.000868035
0.000885829
0.000898242
0.000905801
0.000909193
0.000909203
0.000906658
0.000902356
0.000897016
0.000891235
0.000885474
0.00088005
0.000875152
0.00087087
0.000867215
0.000864151
0.000861615
0.000859532
0.00085783
0.000856443
0.000855314
0.000854396
0.000853654
0.000853057
0.000852585
0.000852222
0.000851956
0.000851782
0.000851694
2.38041e-05
5.4199e-05
8.70361e-05
0.000114295
0.000138814
0.000164704
0.000195105
0.000231487
0.000273818
0.000321165
0.000372262
0.000425825
0.000480638
0.000535563
0.000589514
0.000641458
0.000690424
0.000735537
0.000776051
0.000811383
0.000841149
0.000865187
0.000883563
0.000896569
0.0009047
0.00090861
0.000909061
0.000906863
0.00090281
0.000897624
0.000891916
0.000886162
0.000880697
0.00087573
0.000871364
0.000867622
0.000864475
0.000861864
0.000859718
0.000857963
0.000856533
0.00085537
0.000854426
0.000853662
0.000853049
0.000852564
0.000852192
0.00085192
0.000851741
0.000851651
2.38038e-05
5.42853e-05
8.72855e-05
0.000114766
0.00013936
0.000165041
0.000194954
0.000230678
0.000272305
0.000318987
0.000369495
0.000422549
0.000476935
0.000531516
0.000585217
0.000637015
0.000685951
0.000731158
0.00077189
0.000807556
0.000837759
0.000862311
0.000881252
0.000894839
0.000903534
0.000907959
0.000908854
0.000907011
0.000903216
0.000898196
0.000892571
0.000886834
0.000881336
0.000876306
0.000871859
0.000868032
0.000864803
0.000862118
0.000859907
0.000858099
0.000856626
0.000855427
0.000854455
0.00085367
0.00085304
0.000852543
0.000852161
0.000851882
0.000851699
0.000851607
2.38038e-05
5.43728e-05
8.75283e-05
0.000115215
0.000139884
0.000165377
0.00019483
0.000229918
0.000270854
0.000316876
0.000366796
0.000419343
0.000473304
0.000527544
0.000580994
0.000632642
0.000681541
0.00072683
0.000767763
0.000803745
0.000834365
0.000859413
0.000878901
0.000893056
0.000902306
0.000907244
0.000908584
0.000907101
0.000903575
0.000898731
0.0008932
0.000887489
0.000881967
0.000876878
0.000872355
0.000868444
0.000865134
0.000862375
0.0008601
0.000858238
0.00085672
0.000855486
0.000854486
0.000853678
0.000853031
0.000852521
0.00085213
0.000851844
0.000851656
0.000851562
2.38043e-05
5.44583e-05
8.77629e-05
0.000115644
0.000140388
0.00016571
0.00019473
0.000229204
0.000269461
0.00031483
0.000364164
0.000416206
0.000469743
0.000523643
0.000576842
0.000628338
0.000677192
0.000722551
0.00076367
0.000799952
0.000830969
0.000856494
0.000876513
0.000891223
0.000901019
0.000906467
0.000908253
0.000907136
0.000903886
0.000899229
0.000893803
0.000888127
0.000882588
0.000877447
0.000872851
0.00086886
0.000865469
0.000862636
0.000860296
0.000858379
0.000856816
0.000855546
0.000854517
0.000853687
0.000853023
0.000852499
0.000852098
0.000851805
0.000851612
0.000851516
2.38052e-05
5.45391e-05
8.79878e-05
0.000116053
0.000140873
0.000166039
0.000194651
0.000228534
0.000268127
0.000312847
0.000361598
0.000413135
0.000466251
0.000519811
0.000572759
0.000624099
0.000672902
0.00071832
0.000759613
0.000796176
0.000827573
0.000853559
0.000874092
0.000889343
0.000899677
0.00090563
0.000907863
0.000907117
0.000904151
0.00089969
0.000894378
0.000888746
0.000883199
0.000878012
0.000873347
0.000869277
0.000865808
0.000862901
0.000860496
0.000858523
0.000856914
0.000855607
0.000854549
0.000853696
0.000853014
0.000852477
0.000852065
0.000851765
0.000851568
0.00085147
2.38063e-05
5.46132e-05
8.82019e-05
0.000116443
0.000141339
0.000166365
0.000194592
0.000227905
0.000266848
0.000310927
0.000359095
0.00041013
0.000462824
0.000516047
0.000568743
0.000619924
0.00066867
0.000714138
0.000755591
0.000792421
0.000824181
0.000850608
0.000871641
0.000887421
0.000898283
0.000904736
0.000907416
0.000907044
0.000904369
0.000900113
0.000894925
0.000889348
0.000883799
0.000878572
0.000873843
0.000869698
0.00086615
0.00086317
0.000860699
0.000858671
0.000857015
0.00085567
0.000854582
0.000853705
0.000853005
0.000852454
0.000852032
0.000851725
0.000851523
0.000851423
2.38074e-05
5.46803e-05
8.84043e-05
0.000116815
0.000141788
0.000166687
0.00019455
0.000227316
0.000265622
0.000309066
0.000356655
0.000407187
0.000459461
0.000512346
0.00056479
0.00061581
0.000664493
0.000710003
0.000751603
0.000788685
0.000820792
0.000847646
0.000869163
0.000885458
0.00089684
0.000903787
0.000906913
0.000906919
0.000904542
0.000900499
0.000895444
0.00088993
0.000884388
0.000879127
0.000874338
0.00087012
0.000866496
0.000863443
0.000860907
0.000858821
0.000857119
0.000855735
0.000854616
0.000853716
0.000852997
0.000852432
0.000851999
0.000851685
0.000851478
0.000851375
2.38085e-05
5.47403e-05
8.85946e-05
0.000117169
0.000142219
0.000167004
0.000194525
0.000226764
0.000264449
0.000307265
0.000354277
0.000404307
0.000456161
0.000508709
0.0005609
0.000611756
0.000660371
0.000705914
0.000747651
0.000784971
0.00081741
0.000844674
0.000866659
0.000883458
0.00089535
0.000902787
0.000906358
0.000906744
0.000904669
0.000900848
0.000895935
0.000890493
0.000884965
0.000879676
0.000874832
0.000870543
0.000866845
0.000863719
0.000861117
0.000858975
0.000857225
0.000855802
0.000854652
0.000853727
0.000852989
0.00085241
0.000851966
0.000851644
0.000851433
0.000851327
2.38093e-05
5.47929e-05
8.87725e-05
0.000117505
0.000142633
0.000167316
0.000194514
0.000226246
0.000263325
0.000305522
0.000351959
0.000401488
0.000452922
0.000505132
0.000557069
0.00060776
0.000656301
0.000701869
0.000743733
0.000781279
0.000814034
0.000841694
0.000864134
0.000881423
0.000893815
0.000901736
0.00090575
0.000906519
0.000904753
0.00090116
0.000896398
0.000891035
0.00088553
0.000880219
0.000875324
0.000870969
0.000867197
0.000864
0.000861332
0.000859132
0.000857333
0.000855871
0.000854689
0.000853739
0.000852982
0.000852388
0.000851933
0.000851603
0.000851387
0.000851279
2.38098e-05
5.48376e-05
8.89379e-05
0.000117824
0.000143032
0.000167622
0.000194517
0.000225763
0.00026225
0.000303835
0.000349701
0.000398729
0.000449742
0.000501614
0.000553296
0.000603818
0.000652283
0.000697869
0.000739849
0.000777608
0.000810667
0.000838707
0.000861588
0.000879355
0.000892239
0.000900638
0.000905093
0.000906245
0.000904792
0.000901435
0.000896831
0.000891557
0.000886081
0.000880755
0.000875814
0.000871395
0.000867552
0.000864284
0.000861551
0.000859293
0.000857445
0.000855943
0.000854728
0.000853752
0.000852975
0.000852366
0.0008519
0.000851563
0.000851341
0.000851231
2.38099e-05
5.48743e-05
8.90908e-05
0.000118126
0.000143414
0.000167923
0.000194531
0.00022531
0.000261221
0.000302203
0.000347501
0.000396028
0.000446621
0.000498154
0.00054958
0.000599931
0.000648314
0.000693912
0.000735999
0.000773959
0.000807308
0.000835715
0.000859024
0.000877258
0.000890623
0.000899494
0.000904387
0.000905924
0.000904789
0.000901673
0.000897235
0.000892057
0.000886619
0.000881283
0.000876301
0.000871822
0.00086791
0.000864572
0.000861773
0.000859457
0.00085756
0.000856016
0.000854769
0.000853767
0.000852969
0.000852344
0.000851868
0.000851522
0.000851295
0.000851182
2.38094e-05
5.49033e-05
8.92312e-05
0.000118412
0.000143781
0.000168217
0.000194557
0.000224887
0.000260237
0.000300625
0.000345358
0.000393385
0.000443556
0.000494749
0.000545918
0.000596096
0.000644393
0.000689996
0.000732182
0.000770333
0.000803959
0.000832721
0.000856443
0.000875132
0.00088897
0.000898306
0.000903635
0.000905558
0.000904743
0.000901875
0.000897611
0.000892537
0.000887142
0.000881804
0.000876786
0.000872249
0.00086827
0.000864863
0.000861999
0.000859625
0.000857677
0.000856092
0.000854811
0.000853782
0.000852964
0.000852324
0.000851835
0.000851481
0.000851249
0.000851133
2.38083e-05
5.49249e-05
8.93594e-05
0.000118681
0.000144133
0.000168506
0.000194591
0.000224492
0.000259296
0.000299099
0.000343271
0.000390799
0.000440547
0.000491399
0.000542309
0.000592311
0.000640518
0.000686121
0.000728397
0.000766729
0.000800621
0.000829723
0.000853848
0.000872981
0.000887281
0.000897077
0.000902838
0.000905146
0.000904655
0.000902041
0.000897957
0.000892994
0.000887651
0.000882316
0.000877267
0.000872676
0.000868633
0.000865158
0.000862228
0.000859796
0.000857798
0.000856171
0.000854855
0.0008538
0.00085296
0.000852303
0.000851803
0.00085144
0.000851203
0.000851084
2.38066e-05
5.49395e-05
8.94756e-05
0.000118935
0.00014447
0.000168787
0.000194634
0.000224122
0.000258395
0.000297623
0.000341238
0.000388267
0.000437593
0.000488102
0.000538751
0.000588575
0.000636688
0.000682285
0.000724644
0.000763146
0.000797293
0.000826725
0.000851239
0.000870804
0.000885559
0.000895807
0.000901997
0.000904691
0.000904527
0.000902171
0.000898274
0.00089343
0.000888145
0.00088282
0.000877744
0.000873103
0.000868997
0.000865455
0.000862462
0.00085997
0.000857922
0.000856252
0.000854902
0.000853818
0.000852957
0.000852284
0.000851771
0.0008514
0.000851157
0.000851036
2.3804e-05
5.49475e-05
8.95802e-05
0.000119174
0.000144792
0.000169062
0.000194685
0.000223776
0.000257533
0.000296195
0.000339258
0.000385789
0.00043469
0.000484855
0.000535242
0.000584885
0.000632901
0.000678485
0.000720919
0.000759584
0.000793974
0.000823724
0.000848617
0.000868604
0.000883804
0.000894498
0.000901114
0.000904193
0.000904358
0.000902265
0.000898562
0.000893843
0.000888624
0.000883314
0.000878216
0.00087353
0.000869363
0.000865756
0.000862699
0.000860149
0.000858049
0.000856336
0.00085495
0.000853838
0.000852955
0.000852265
0.00085174
0.000851359
0.000851111
0.000850987
2.38e-05
5.49498e-05
8.96752e-05
0.0001194
0.000145103
0.000169332
0.000194742
0.00022345
0.000256701
0.000294801
0.000337312
0.000383342
0.000431814
0.000481631
0.000531751
0.00058121
0.000629124
0.000674692
0.000717197
0.000756016
0.000790643
0.000820702
0.000845965
0.000866367
0.000882007
0.000893144
0.000900184
0.00090365
0.000904148
0.000902325
0.000898821
0.000894236
0.000889089
0.000883801
0.000878686
0.000873957
0.000869732
0.000866061
0.00086294
0.000860331
0.000858179
0.000856422
0.000855001
0.00085386
0.000852954
0.000852247
0.000851709
0.00085132
0.000851065
0.000850939
2.37945e-05
5.49478e-05
8.97629e-05
0.000119618
0.000145407
0.0001696
0.000194806
0.000223141
0.000255891
0.00029343
0.000335384
0.000380905
0.000428942
0.000478404
0.000528251
0.00057752
0.00062533
0.000670878
0.000713447
0.000752416
0.000787274
0.000817638
0.000843267
0.00086408
0.000880156
0.000891736
0.000899202
0.000903059
0.000903896
0.000902349
0.000899054
0.000894609
0.000889541
0.000884281
0.000879155
0.000874386
0.000870106
0.000866372
0.000863187
0.000860519
0.000858314
0.000856513
0.000855054
0.000853884
0.000852955
0.00085223
0.000851679
0.00085128
0.00085102
0.00085089
2.37881e-05
5.49415e-05
8.98432e-05
0.000119826
0.000145702
0.000169866
0.000194878
0.000222849
0.000255106
0.000292087
0.000333482
0.000378489
0.000426083
0.000475183
0.000524752
0.000573828
0.000621528
0.00066705
0.00070968
0.000748794
0.000783877
0.000814538
0.000840527
0.000861746
0.000878257
0.000890277
0.00089817
0.000902421
0.000903602
0.000902337
0.000899258
0.000894962
0.000889981
0.000884755
0.000879622
0.000874817
0.000870483
0.000866687
0.000863439
0.000860711
0.000858453
0.000856606
0.00085511
0.00085391
0.000852957
0.000852214
0.000851649
0.000851241
0.000850975
0.000850842
2.37809e-05
5.49313e-05
8.99164e-05
0.000120024
0.000145989
0.00017013
0.000194957
0.000222577
0.000254351
0.000290779
0.000331614
0.000376104
0.000423249
0.000471982
0.000521269
0.000570146
0.000617731
0.000663224
0.000705908
0.000745161
0.000780462
0.000811414
0.000837756
0.000859374
0.000876314
0.000888772
0.000897091
0.000901737
0.000903265
0.000902289
0.000899432
0.000895292
0.000890404
0.000885219
0.000880084
0.000875247
0.000870862
0.000867005
0.000863695
0.000860907
0.000858596
0.000856703
0.000855169
0.000853937
0.000852961
0.000852198
0.00085162
0.000851202
0.00085093
0.000850794
2.37729e-05
5.49179e-05
8.9983e-05
0.000120213
0.000146267
0.00017039
0.000195044
0.000222326
0.000253628
0.000289511
0.000329789
0.00037376
0.000420452
0.000468813
0.000517812
0.000566486
0.000613952
0.00065941
0.000702144
0.000741527
0.000777039
0.000808274
0.00083496
0.000856971
0.000874333
0.000887225
0.000895968
0.000901009
0.000902888
0.000902204
0.000899576
0.000895598
0.000890812
0.000885673
0.000880542
0.000875677
0.000871243
0.000867328
0.000863955
0.000861108
0.000858743
0.000856803
0.00085523
0.000853967
0.000852966
0.000852184
0.000851592
0.000851164
0.000850885
0.000850747
2.37641e-05
5.49022e-05
9.00437e-05
0.000120393
0.000146536
0.000170646
0.000195138
0.000222096
0.000252941
0.000288287
0.000328013
0.000371465
0.000417702
0.000465688
0.000514394
0.000562861
0.000610203
0.000655621
0.000698397
0.000737905
0.000773619
0.000805128
0.000832149
0.000854544
0.000872321
0.00088564
0.000894804
0.00090024
0.000902471
0.000902084
0.000899689
0.00089588
0.000891201
0.000886115
0.000880993
0.000876104
0.000871625
0.000867652
0.000864219
0.000861312
0.000858893
0.000856906
0.000855294
0.000853999
0.000852972
0.000852172
0.000851565
0.000851127
0.000850841
0.000850699
2.37546e-05
5.48849e-05
9.00994e-05
0.000120565
0.000146796
0.000170899
0.00019524
0.000221888
0.00025229
0.000287112
0.000326292
0.000369227
0.000415009
0.000462615
0.000511027
0.000559281
0.000606496
0.000651868
0.00069468
0.000734305
0.000770212
0.000801985
0.000829332
0.000852101
0.000870284
0.000884024
0.000893604
0.000899432
0.000902015
0.000901927
0.000899771
0.000896137
0.000891571
0.000886544
0.000881436
0.000876527
0.000872006
0.000867979
0.000864485
0.00086152
0.000859047
0.000857013
0.00085536
0.000854033
0.00085298
0.00085216
0.000851538
0.00085109
0.000850798
0.000850653
2.37444e-05
5.48667e-05
9.01509e-05
0.000120728
0.000147048
0.000171148
0.000195348
0.000221702
0.000251676
0.000285988
0.00032463
0.000367053
0.000412379
0.000459606
0.00050772
0.000555759
0.00060284
0.000648161
0.000691003
0.000730736
0.000766828
0.000798855
0.000826517
0.000849648
0.000868229
0.000882382
0.000892372
0.000898589
0.000901523
0.000901736
0.000899822
0.000896367
0.000891921
0.000886959
0.00088187
0.000876946
0.000872386
0.000868306
0.000864754
0.000861731
0.000859204
0.000857122
0.000855429
0.000854069
0.00085299
0.000852149
0.000851513
0.000851054
0.000850755
0.000850607
2.37338e-05
5.48484e-05
9.0199e-05
0.000120885
0.000147291
0.000171394
0.000195463
0.000221538
0.000251102
0.000284917
0.000323034
0.000364949
0.000409823
0.000456669
0.000504483
0.000552304
0.000599248
0.000644513
0.000687377
0.00072721
0.000763476
0.000795746
0.000823711
0.000847195
0.000866162
0.000880719
0.000891112
0.000897713
0.000900997
0.000901512
0.000899842
0.000896572
0.000892249
0.000887358
0.000882293
0.000877359
0.000872764
0.000868634
0.000865025
0.000861945
0.000859363
0.000857234
0.000855501
0.000854107
0.000853001
0.00085214
0.000851488
0.000851018
0.000850713
0.000850561
2.37227e-05
5.48308e-05
9.02445e-05
0.000121035
0.000147527
0.000171635
0.000195585
0.000221396
0.000250567
0.000283902
0.000321505
0.000362921
0.000407346
0.000453813
0.000501325
0.000548925
0.000595729
0.000640931
0.000683812
0.000723736
0.000760166
0.000792668
0.000820925
0.000844749
0.00086409
0.00087904
0.000889828
0.000896808
0.000900439
0.000901255
0.000899832
0.000896749
0.000892556
0.00088774
0.000882706
0.000877765
0.000873139
0.000868961
0.000865297
0.00086216
0.000859526
0.000857349
0.000855574
0.000854147
0.000853014
0.000852132
0.000851465
0.000850984
0.000850671
0.000850516
2.37114e-05
5.48143e-05
9.02883e-05
0.000121179
0.000147756
0.000171873
0.000195713
0.000221276
0.000250072
0.000282944
0.000320047
0.000360974
0.000404955
0.000451045
0.000498256
0.000545633
0.000592292
0.000637427
0.000680316
0.000720324
0.000756908
0.00078963
0.000818165
0.000842316
0.00086202
0.000877353
0.000888526
0.000895878
0.000899851
0.000900967
0.000899792
0.0008969
0.000892841
0.000888105
0.000883106
0.000878164
0.000873509
0.000869287
0.00086557
0.000862378
0.00085969
0.000857466
0.000855651
0.000854189
0.000853029
0.000852126
0.000851442
0.00085095
0.00085063
0.000850472
2.37001e-05
5.47996e-05
9.03312e-05
0.000121319
0.000147977
0.000172107
0.000195847
0.000221177
0.000249617
0.000282044
0.000318662
0.000359111
0.000402656
0.000448373
0.000495282
0.000542436
0.000588947
0.00063401
0.000676901
0.000716983
0.00075371
0.00078664
0.000815441
0.000839906
0.000859959
0.000875662
0.000887211
0.000894927
0.000899237
0.000900651
0.000899723
0.000897025
0.000893103
0.000888453
0.000883492
0.000878553
0.000873874
0.00086961
0.000865842
0.000862596
0.000859857
0.000857585
0.000855729
0.000854233
0.000853046
0.000852121
0.000851421
0.000850917
0.00085059
0.000850428
2.36889e-05
5.47874e-05
9.0374e-05
0.000121454
0.000148193
0.000172338
0.000195987
0.0002211
0.000249202
0.000281203
0.000317353
0.000357337
0.000400454
0.000445802
0.000492413
0.000539342
0.000585703
0.000630689
0.000673574
0.000713721
0.000750581
0.000783707
0.00081276
0.000837525
0.000857913
0.000873974
0.000885887
0.000893959
0.0008986
0.000900308
0.000899628
0.000897124
0.000893343
0.000888781
0.000883865
0.000878933
0.000874234
0.000869931
0.000866114
0.000862815
0.000860025
0.000857706
0.000855809
0.000854279
0.000853064
0.000852117
0.000851401
0.000850885
0.00085055
0.000850385
2.3678e-05
5.47781e-05
9.04176e-05
0.000121586
0.000148403
0.000172567
0.000196133
0.000221042
0.000248826
0.000280422
0.000316122
0.000355654
0.000398354
0.000443339
0.000489654
0.000536359
0.000582567
0.000627472
0.000670346
0.000710549
0.000747531
0.000780839
0.000810131
0.000835181
0.000855891
0.000872295
0.000884561
0.000892978
0.000897943
0.000899941
0.000899506
0.000897198
0.000893559
0.000889091
0.000884223
0.000879302
0.000874586
0.000870247
0.000866384
0.000863035
0.000860194
0.000857829
0.000855891
0.000854327
0.000853083
0.000852115
0.000851382
0.000850854
0.000850512
0.000850343
2.36676e-05
5.47723e-05
9.04628e-05
0.000121716
0.000148609
0.000172792
0.000196284
0.000221005
0.000248489
0.0002797
0.000314969
0.000354066
0.000396359
0.000440989
0.000487013
0.000533494
0.000579549
0.000624367
0.000667223
0.000707474
0.000744566
0.000778045
0.000807561
0.000832881
0.000853897
0.000870632
0.000883237
0.000891989
0.00089727
0.000899552
0.00089936
0.000897247
0.000893753
0.000889381
0.000884564
0.000879659
0.00087493
0.00087056
0.000866653
0.000863254
0.000860364
0.000857953
0.000855975
0.000854376
0.000853105
0.000852114
0.000851364
0.000850825
0.000850474
0.000850301
2.3658e-05
5.47708e-05
9.05106e-05
0.000121845
0.000148811
0.000173015
0.000196441
0.000220988
0.000248192
0.000279038
0.000313897
0.000352575
0.000394475
0.000438759
0.000484497
0.000530756
0.000576655
0.000621385
0.000664216
0.000704505
0.000741697
0.000775333
0.000805059
0.000830634
0.00085194
0.00086899
0.000881921
0.000890996
0.000896584
0.000899144
0.000899191
0.000897272
0.000893925
0.000889651
0.00088489
0.000880004
0.000875266
0.000870866
0.000866918
0.000863472
0.000860535
0.000858079
0.00085606
0.000854427
0.000853128
0.000852114
0.000851347
0.000850796
0.000850438
0.00085026
2.36493e-05
5.47744e-05
9.05622e-05
0.000121974
0.00014901
0.000173237
0.000196604
0.000220991
0.000247933
0.000278437
0.000312905
0.000351184
0.000392705
0.000436653
0.00048211
0.000528151
0.000573894
0.000618531
0.000661332
0.000701651
0.000738931
0.000772712
0.000802632
0.000828446
0.000850027
0.000867375
0.000880618
0.000890004
0.000895889
0.000898719
0.000899002
0.000897275
0.000894074
0.000889901
0.000885199
0.000880336
0.000875593
0.000871167
0.00086718
0.000863689
0.000860705
0.000858205
0.000856147
0.00085448
0.000853152
0.000852116
0.000851332
0.000850768
0.000850402
0.000850221
2.36418e-05
5.47844e-05
9.06194e-05
0.000122104
0.000149208
0.000173459
0.000196774
0.000221013
0.000247713
0.000277896
0.000311996
0.000349894
0.000391052
0.000434676
0.00047986
0.000525685
0.000571273
0.000615814
0.000658578
0.000698918
0.000736276
0.000770187
0.000800287
0.000826324
0.000848163
0.000865794
0.000879334
0.000889017
0.000895188
0.000898281
0.000898794
0.000897257
0.000894202
0.000890131
0.000885491
0.000880654
0.000875909
0.00087146
0.000867437
0.000863904
0.000860875
0.000858332
0.000856235
0.000854534
0.000853178
0.000852119
0.000851318
0.000850741
0.000850367
0.000850182
2.36358e-05
5.4803e-05
9.06852e-05
0.00012224
0.000149407
0.000173682
0.000196951
0.000221057
0.000247532
0.000277417
0.000311171
0.000348708
0.000389518
0.00043283
0.000477748
0.000523361
0.000568793
0.000613234
0.000655955
0.000696307
0.00073373
0.000767758
0.000798024
0.000824267
0.000846348
0.000864247
0.000878069
0.000888037
0.000894483
0.000897831
0.000898568
0.000897218
0.000894309
0.000890342
0.000885766
0.000880958
0.000876214
0.000871746
0.000867689
0.000864115
0.000861043
0.000858458
0.000856322
0.000854588
0.000853204
0.000852123
0.000851305
0.000850716
0.000850333
0.000850144
2.36319e-05
5.48373e-05
9.07672e-05
0.000122388
0.000149616
0.000173915
0.000197145
0.000221127
0.000247394
0.000276997
0.000310421
0.000347611
0.000388083
0.000431087
0.000475741
0.00052114
0.000566411
0.000610747
0.000653416
0.000693771
0.000731251
0.000765385
0.000795804
0.000822243
0.000844555
0.00086271
0.000876804
0.000887049
0.000893764
0.000897363
0.000898322
0.000897158
0.000894395
0.000890534
0.000886024
0.000881249
0.000876509
0.000872024
0.000867937
0.000864323
0.000861209
0.000858583
0.000856409
0.000854642
0.00085323
0.000852127
0.000851291
0.00085069
0.000850299
0.000850106
2.35908e-05
5.4891e-05
9.09213e-05
0.000122651
0.000149973
0.000174305
0.000197463
0.000221244
0.000247176
0.000276334
0.000309246
0.000345904
0.000385869
0.000428422
0.000472702
0.00051781
0.000562877
0.000607093
0.000649725
0.00069012
0.000727714
0.00076203
0.000792693
0.000819429
0.000842079
0.000860602
0.000875079
0.000885705
0.000892787
0.000896722
0.000897977
0.000897058
0.000894487
0.000890763
0.000886339
0.000881606
0.000876872
0.000872367
0.000868241
0.00086458
0.000861415
0.000858739
0.000856521
0.000854714
0.00085327
0.00085214
0.000851285
0.000850669
0.000850269
0.00085007
2.35896e-05
5.49777e-05
9.11182e-05
0.000122956
0.00015037
0.000174737
0.000197839
0.000221453
0.000247103
0.000275881
0.000308346
0.000344533
0.000384039
0.000426176
0.0004701
0.000514924
0.000559781
0.000603862
0.000646433
0.000686839
0.000724511
0.000758972
0.000789836
0.000816826
0.000839772
0.000858622
0.000873443
0.000884417
0.000891836
0.000896084
0.000897616
0.000896931
0.000894544
0.000890953
0.000886617
0.000881928
0.000877204
0.000872683
0.000868524
0.00086482
0.000861608
0.000858886
0.000856624
0.00085478
0.000853305
0.000852151
0.000851276
0.000850646
0.000850237
0.000850035
2.35969e-05
5.50754e-05
9.13307e-05
0.000123272
0.000150764
0.000175165
0.000198228
0.000221711
0.000247131
0.000275592
0.000307681
0.000343463
0.000382569
0.000424335
0.000467937
0.000512495
0.000557148
0.00060109
0.000643585
0.000683978
0.000721699
0.000756266
0.000787291
0.00081449
0.000837685
0.000856815
0.000871936
0.000883217
0.000890937
0.000895467
0.000897253
0.000896785
0.000894571
0.00089111
0.000886859
0.000882218
0.000877508
0.000872977
0.00086879
0.000865048
0.000861793
0.000859027
0.000856725
0.000854845
0.00085334
0.000852162
0.000851268
0.000850625
0.000850207
0.000850001
2.36136e-05
5.51711e-05
9.15487e-05
0.000123591
0.000151156
0.000175589
0.000198624
0.000221998
0.000247223
0.000275412
0.000307172
0.000342596
0.000381345
0.000422775
0.000466079
0.000510388
0.000554846
0.000598647
0.000641059
0.000681425
0.000719173
0.00075382
0.000784976
0.000812351
0.000835761
0.000855136
0.000870523
0.000882079
0.000890073
0.000894864
0.000896885
0.000896621
0.000894573
0.000891238
0.000887073
0.000882481
0.00087779
0.000873253
0.000869043
0.000865266
0.000861971
0.000859165
0.000856825
0.000854911
0.000853376
0.000852174
0.000851262
0.000850605
0.000850179
0.000849968
2.36388e-05
5.5251e-05
9.17596e-05
0.000123905
0.000151541
0.000176007
0.000199019
0.000222301
0.000247357
0.000275306
0.000306773
0.000341875
0.000380297
0.000421417
0.000464443
0.000508515
0.000552783
0.000596445
0.000638767
0.000679095
0.000716856
0.000751565
0.00078283
0.000810356
0.000833955
0.00085355
0.000869178
0.000880987
0.000889233
0.000894267
0.000896511
0.000896441
0.000894554
0.000891342
0.000887263
0.000882723
0.000878054
0.000873514
0.000869284
0.000865477
0.000862145
0.000859301
0.000856924
0.000854977
0.000853413
0.000852188
0.000851257
0.000850587
0.000850152
0.000849936
2.36706e-05
5.53002e-05
9.19479e-05
0.000124201
0.00015191
0.00017641
0.000199407
0.000222608
0.000247513
0.000275244
0.000306441
0.000341243
0.000379359
0.000420187
0.000462947
0.000506791
0.000550874
0.000594396
0.000636626
0.000676909
0.000714673
0.000749431
0.00078079
0.000808452
0.000832224
0.000852021
0.000867873
0.000879919
0.000888405
0.00089367
0.000896128
0.000896246
0.000894517
0.000891427
0.000887435
0.000882948
0.000878304
0.000873765
0.000869519
0.000865683
0.000862317
0.000859436
0.000857023
0.000855044
0.000853452
0.000852203
0.000851254
0.00085057
0.000850126
0.000849906
2.37069e-05
5.53027e-05
9.20958e-05
0.000124467
0.000152255
0.000176794
0.000199779
0.000222907
0.00024767
0.000275194
0.000306134
0.000340649
0.000378469
0.000419013
0.000461514
0.000505134
0.000549034
0.000592417
0.000634553
0.000674788
0.00071255
0.000747352
0.000778798
0.000806587
0.000830522
0.000850513
0.00086658
0.000878855
0.000887573
0.000893064
0.000895732
0.000896037
0.000894463
0.000891496
0.000887593
0.000883162
0.000878546
0.000874011
0.00086975
0.000865888
0.000862489
0.000859573
0.000857125
0.000855113
0.000853494
0.000852221
0.000851254
0.000850557
0.000850103
0.000849879
2.37452e-05
5.52438e-05
9.21834e-05
0.000124686
0.000152563
0.000177149
0.000200128
0.000223186
0.000247809
0.000275129
0.000305812
0.000340042
0.000377567
0.000417827
0.00046007
0.000503467
0.000547184
0.000590429
0.000632471
0.00067266
0.000710421
0.000745266
0.000776799
0.000804715
0.000828812
0.000848994
0.000865275
0.000877777
0.000886726
0.000892442
0.000895321
0.000895812
0.000894397
0.000891555
0.000887743
0.000883371
0.000878785
0.000874256
0.000869984
0.000866098
0.000862667
0.000859716
0.000857234
0.00085519
0.000853542
0.000852247
0.000851261
0.00085055
0.000850088
0.000849858
2.37824e-05
5.51126e-05
9.21906e-05
0.000124842
0.000152824
0.000177465
0.000200442
0.000223429
0.00024791
0.000275019
0.00030544
0.000339376
0.000376601
0.000416573
0.000458556
0.000501731
0.000545268
0.000588379
0.000630335
0.000670484
0.000708251
0.000743147
0.000774773
0.000802821
0.000827085
0.000847462
0.000863959
0.000876689
0.000885871
0.000891813
0.000894902
0.000895582
0.000894326
0.000891612
0.000887894
0.000883585
0.000879031
0.000874512
0.00087023
0.000866322
0.000862862
0.000859877
0.000857362
0.000855287
0.000853613
0.000852294
0.000851291
0.000850566
0.000850095
0.000849861
2.38121e-05
5.49049e-05
9.20895e-05
0.000124902
0.000153004
0.000177709
0.000200687
0.000223604
0.000247939
0.000274836
0.000304996
0.000338645
0.000375581
0.000415281
0.000457026
0.000500003
0.000543389
0.000586395
0.000628291
0.000668423
0.000706215
0.000741177
0.000772904
0.000801086
0.000825512
0.000846074
0.000862772
0.000875714
0.000885107
0.000891255
0.000894536
0.000895387
0.000894277
0.00089168
0.000888051
0.000883801
0.000879281
0.000874774
0.000870489
0.000866565
0.000863081
0.00086007
0.000857528
0.000855428
0.000853731
0.000852393
0.000851374
0.000850639
0.00085016
0.000849922
)
;

boundaryField
{
    inlet
    {
        type            calculated;
        value           uniform 0.000851986;
    }
    outlet
    {
        type            calculated;
        value           nonuniform List<scalar> 
50
(
2.38121e-05
5.49049e-05
9.20895e-05
0.000124902
0.000153004
0.000177709
0.000200687
0.000223604
0.000247939
0.000274836
0.000304996
0.000338645
0.000375581
0.000415281
0.000457026
0.000500003
0.000543389
0.000586395
0.000628291
0.000668423
0.000706215
0.000741177
0.000772904
0.000801086
0.000825512
0.000846074
0.000862772
0.000875714
0.000885107
0.000891255
0.000894536
0.000895387
0.000894277
0.00089168
0.000888051
0.000883801
0.000879281
0.000874774
0.000870489
0.000866565
0.000863081
0.00086007
0.000857528
0.000855428
0.000853731
0.000852393
0.000851374
0.000850639
0.00085016
0.000849922
)
;
    }
    innerBox
    {
        type            nutkWallFunction;
        Cmu             0.09;
        kappa           0.41;
        E               9.8;
        value           uniform 0;
    }
    lowerWall
    {
        type            symmetryPlane;
    }
    frontAndBack
    {
        type            empty;
    }
}


// ************************************************************************* //
