# Time	field	min	position(min)	max	position(max)
1001	Ua	0	(0 0.0093083 0)	0.063451	(0.0993241 0.0186384 -5.55433e-20)
1002	Ua	0	(0 0.0093083 0)	0.0865463	(0.0993241 0.0186384 -5.55433e-20)
1003	Ua	0	(0 0.0093083 0)	0.120233	(0.0979757 0.0187071 1.89038e-20)
1004	Ua	0	(0 0.0093083 0)	0.164768	(0.0979757 0.0187071 1.89038e-20)
1005	Ua	0	(0 0.0093083 0)	0.215848	(0.0966354 0.0188097 -3.73012e-20)
1006	Ua	0	(0 0.0093083 0)	0.256826	(0.0966354 0.0188097 -3.73012e-20)
1007	Ua	0	(0 0.0093083 0)	0.285019	(0.0966354 0.0188097 -3.73012e-20)
1008	Ua	0	(0 0.0093083 0)	0.304702	(0.0966354 0.0188097 -3.73012e-20)
1009	Ua	0	(0 0.0093083 0)	0.318887	(0.0966354 0.0188097 -3.73012e-20)
1010	Ua	0	(0 0.0093083 0)	0.329936	(0.0966354 0.0188097 -3.73012e-20)
1011	Ua	0	(0 0.0093083 0)	0.339108	(0.0966354 0.0188097 -3.73012e-20)
1012	Ua	0	(0 0.0093083 0)	0.346721	(0.0966354 0.0188097 -3.73012e-20)
1013	Ua	0	(0 0.0093083 0)	0.353021	(0.0966354 0.0188097 -3.73012e-20)
1014	Ua	0	(0 0.0093083 0)	0.358174	(0.0966354 0.0188097 -3.73012e-20)
1015	Ua	0	(0 0.0093083 0)	0.362474	(0.0966354 0.0188097 -3.73012e-20)
1016	Ua	0	(0 0.0093083 0)	0.366173	(0.0966354 0.0188097 -3.73012e-20)
1017	Ua	0	(0 0.0093083 0)	0.369412	(0.0966354 0.0188097 -3.73012e-20)
1018	Ua	0	(0 0.0093083 0)	0.372225	(0.0966354 0.0188097 -3.73012e-20)
1019	Ua	0	(0 0.0093083 0)	0.374636	(0.0966354 0.0188097 -3.73012e-20)
1020	Ua	0	(0 0.0093083 0)	0.37671	(0.0966354 0.0188097 -3.73012e-20)
1021	Ua	0	(0 0.0093083 0)	0.382069	(0.0761667 0.0135295 0)
1022	Ua	0	(0 0.0093083 0)	0.389793	(0.0761667 0.0135295 0)
1023	Ua	0	(0 0.0093083 0)	0.396545	(0.0761667 0.0135295 0)
1024	Ua	0	(0 0.0093083 0)	0.402435	(0.0761667 0.0135295 0)
1025	Ua	0	(0 0.0093083 0)	0.407579	(0.0761667 0.0135295 0)
1026	Ua	0	(0 0.0093083 0)	0.412083	(0.0761667 0.0135295 0)
1027	Ua	0	(0 0.0093083 0)	0.416028	(0.0761667 0.0135295 0)
1028	Ua	0	(0 0.0093083 0)	0.419479	(0.0761667 0.0135295 0)
1029	Ua	0	(0 0.0093083 0)	0.4225	(0.0761667 0.0135295 0)
1030	Ua	0	(0 0.0093083 0)	0.425154	(0.0761667 0.0135295 0)
1031	Ua	0	(0 0.0093083 0)	0.427492	(0.0761667 0.0135295 0)
1032	Ua	0	(0 0.0093083 0)	0.429554	(0.0761667 0.0135295 0)
1033	Ua	0	(0 0.0093083 0)	0.431376	(0.0761667 0.0135295 0)
1034	Ua	0	(0 0.0093083 0)	0.433128	(0.0749621 0.013582 -1.33482e-20)
1035	Ua	0	(0 0.0093083 0)	0.434684	(0.0749621 0.013582 -1.33482e-20)
1036	Ua	0	(0 0.0093083 0)	0.436072	(0.0749621 0.013582 -1.33482e-20)
1037	Ua	0	(0 0.0093083 0)	0.437309	(0.0749621 0.013582 -1.33482e-20)
1038	Ua	0	(0 0.0093083 0)	0.438412	(0.0749621 0.013582 -1.33482e-20)
1039	Ua	0	(0 0.0093083 0)	0.439399	(0.0749621 0.013582 -1.33482e-20)
1040	Ua	0	(0 0.0093083 0)	0.440286	(0.0749621 0.013582 -1.33482e-20)
1041	Ua	0	(0 0.0093083 0)	0.441084	(0.0749621 0.013582 -1.33482e-20)
1042	Ua	0	(0 0.0093083 0)	0.441804	(0.0749621 0.013582 -1.33482e-20)
1043	Ua	0	(0 0.0093083 0)	0.442455	(0.0749621 0.013582 -1.33482e-20)
1044	Ua	0	(0 0.0093083 0)	0.443045	(0.0749621 0.013582 -1.33482e-20)
1045	Ua	0	(0 0.0093083 0)	0.443581	(0.0749621 0.013582 -1.33482e-20)
1046	Ua	0	(0 0.0093083 0)	0.44407	(0.0749621 0.013582 -1.33482e-20)
1047	Ua	0	(0 0.0093083 0)	0.444516	(0.0749621 0.013582 -1.33482e-20)
1048	Ua	0	(0 0.0093083 0)	0.444924	(0.0749621 0.013582 -1.33482e-20)
1049	Ua	0	(0 0.0093083 0)	0.445299	(0.0749621 0.013582 -1.33482e-20)
1050	Ua	0	(0 0.0093083 0)	0.445643	(0.0749621 0.013582 -1.33482e-20)
1051	Ua	0	(0 0.0093083 0)	0.44596	(0.0749621 0.013582 -1.33482e-20)
1052	Ua	0	(0 0.0093083 0)	0.446253	(0.0749621 0.013582 -1.33482e-20)
1053	Ua	0	(0 0.0093083 0)	0.446524	(0.0749621 0.013582 -1.33482e-20)
1054	Ua	0	(0 0.0093083 0)	0.446776	(0.0749621 0.013582 -1.33482e-20)
1055	Ua	0	(0 0.0093083 0)	0.447009	(0.0749621 0.013582 -1.33482e-20)
1056	Ua	0	(0 0.0093083 0)	0.447227	(0.0749621 0.013582 -1.33482e-20)
1057	Ua	0	(0 0.0093083 0)	0.44743	(0.0749621 0.013582 -1.33482e-20)
1058	Ua	0	(0 0.0093083 0)	0.447619	(0.0749621 0.013582 -1.33482e-20)
1059	Ua	0	(0 0.0093083 0)	0.447796	(0.0749621 0.013582 -1.33482e-20)
1060	Ua	0	(0 0.0093083 0)	0.447962	(0.0749621 0.013582 -1.33482e-20)
1061	Ua	0	(0 0.0093083 0)	0.448118	(0.0749621 0.013582 -1.33482e-20)
1062	Ua	0	(0 0.0093083 0)	0.448264	(0.0749621 0.013582 -1.33482e-20)
1063	Ua	0	(0 0.0093083 0)	0.448402	(0.0749621 0.013582 -1.33482e-20)
1064	Ua	0	(0 0.0093083 0)	0.448531	(0.0749621 0.013582 -1.33482e-20)
1065	Ua	0	(0 0.0093083 0)	0.448653	(0.0749621 0.013582 -1.33482e-20)
1066	Ua	0	(0 0.0093083 0)	0.448768	(0.0749621 0.013582 -1.33482e-20)
1067	Ua	0	(0 0.0093083 0)	0.448877	(0.0749621 0.013582 -1.33482e-20)
1068	Ua	0	(0 0.0093083 0)	0.44898	(0.0749621 0.013582 -1.33482e-20)
1069	Ua	0	(0 0.0093083 0)	0.449077	(0.0749621 0.013582 -1.33482e-20)
1070	Ua	0	(0 0.0093083 0)	0.449169	(0.0749621 0.013582 -1.33482e-20)
1071	Ua	0	(0 0.0093083 0)	0.449256	(0.0749621 0.013582 -1.33482e-20)
1072	Ua	0	(0 0.0093083 0)	0.449339	(0.0749621 0.013582 -1.33482e-20)
1073	Ua	0	(0 0.0093083 0)	0.449417	(0.0749621 0.013582 -1.33482e-20)
1074	Ua	0	(0 0.0093083 0)	0.449491	(0.0749621 0.013582 -1.33482e-20)
1075	Ua	0	(0 0.0093083 0)	0.449562	(0.0749621 0.013582 -1.33482e-20)
1076	Ua	0	(0 0.0093083 0)	0.449629	(0.0749621 0.013582 -1.33482e-20)
1077	Ua	0	(0 0.0093083 0)	0.449693	(0.0749621 0.013582 -1.33482e-20)
1078	Ua	0	(0 0.0093083 0)	0.449753	(0.0749621 0.013582 -1.33482e-20)
1079	Ua	0	(0 0.0093083 0)	0.449811	(0.0749621 0.013582 -1.33482e-20)
1080	Ua	0	(0 0.0093083 0)	0.449866	(0.0749621 0.013582 -1.33482e-20)
1081	Ua	0	(0 0.0093083 0)	0.449918	(0.0749621 0.013582 -1.33482e-20)
1082	Ua	0	(0 0.0093083 0)	0.449967	(0.0749621 0.013582 -1.33482e-20)
1083	Ua	0	(0 0.0093083 0)	0.450014	(0.0749621 0.013582 -1.33482e-20)
1084	Ua	0	(0 0.0093083 0)	0.450059	(0.0749621 0.013582 -1.33482e-20)
1085	Ua	0	(0 0.0093083 0)	0.450102	(0.0749621 0.013582 -1.33482e-20)
1086	Ua	0	(0 0.0093083 0)	0.450143	(0.0749621 0.013582 -1.33482e-20)
1087	Ua	0	(0 0.0093083 0)	0.450182	(0.0749621 0.013582 -1.33482e-20)
1088	Ua	0	(0 0.0093083 0)	0.450219	(0.0749621 0.013582 -1.33482e-20)
1089	Ua	0	(0 0.0093083 0)	0.450254	(0.0749621 0.013582 -1.33482e-20)
1090	Ua	0	(0 0.0093083 0)	0.450287	(0.0749621 0.013582 -1.33482e-20)
1091	Ua	0	(0 0.0093083 0)	0.450319	(0.0749621 0.013582 -1.33482e-20)
1092	Ua	0	(0 0.0093083 0)	0.45035	(0.0749621 0.013582 -1.33482e-20)
1093	Ua	0	(0 0.0093083 0)	0.450379	(0.0749621 0.013582 -1.33482e-20)
1094	Ua	0	(0 0.0093083 0)	0.450407	(0.0749621 0.013582 -1.33482e-20)
1095	Ua	0	(0 0.0093083 0)	0.450433	(0.0749621 0.013582 -1.33482e-20)
1096	Ua	0	(0 0.0093083 0)	0.450458	(0.0749621 0.013582 -1.33482e-20)
1097	Ua	0	(0 0.0093083 0)	0.450482	(0.0749621 0.013582 -1.33482e-20)
1098	Ua	0	(0 0.0093083 0)	0.450505	(0.0749621 0.013582 -1.33482e-20)
1099	Ua	0	(0 0.0093083 0)	0.450527	(0.0749621 0.013582 -1.33482e-20)
1100	Ua	0	(0 0.0093083 0)	0.450548	(0.0749621 0.013582 -1.33482e-20)
1101	Ua	0	(0 0.0093083 0)	0.450568	(0.0749621 0.013582 -1.33482e-20)
1102	Ua	0	(0 0.0093083 0)	0.450587	(0.0749621 0.013582 -1.33482e-20)
1103	Ua	0	(0 0.0093083 0)	0.450605	(0.0749621 0.013582 -1.33482e-20)
1104	Ua	0	(0 0.0093083 0)	0.450623	(0.0749621 0.013582 -1.33482e-20)
1105	Ua	0	(0 0.0093083 0)	0.450639	(0.0749621 0.013582 -1.33482e-20)
1106	Ua	0	(0 0.0093083 0)	0.450655	(0.0749621 0.013582 -1.33482e-20)
1107	Ua	0	(0 0.0093083 0)	0.45067	(0.0749621 0.013582 -1.33482e-20)
1108	Ua	0	(0 0.0093083 0)	0.450684	(0.0749621 0.013582 -1.33482e-20)
1109	Ua	0	(0 0.0093083 0)	0.450698	(0.0749621 0.013582 -1.33482e-20)
1110	Ua	0	(0 0.0093083 0)	0.450711	(0.0749621 0.013582 -1.33482e-20)
1111	Ua	0	(0 0.0093083 0)	0.450723	(0.0749621 0.013582 -1.33482e-20)
1112	Ua	0	(0 0.0093083 0)	0.450735	(0.0749621 0.013582 -1.33482e-20)
1113	Ua	0	(0 0.0093083 0)	0.450747	(0.0749621 0.013582 -1.33482e-20)
1114	Ua	0	(0 0.0093083 0)	0.450758	(0.0749621 0.013582 -1.33482e-20)
1115	Ua	0	(0 0.0093083 0)	0.450768	(0.0749621 0.013582 -1.33482e-20)
1116	Ua	0	(0 0.0093083 0)	0.450778	(0.0749621 0.013582 -1.33482e-20)
1117	Ua	0	(0 0.0093083 0)	0.450787	(0.0749621 0.013582 -1.33482e-20)
1118	Ua	0	(0 0.0093083 0)	0.450796	(0.0749621 0.013582 -1.33482e-20)
1119	Ua	0	(0 0.0093083 0)	0.450805	(0.0749621 0.013582 -1.33482e-20)
1120	Ua	0	(0 0.0093083 0)	0.450813	(0.0749621 0.013582 -1.33482e-20)
1121	Ua	0	(0 0.0093083 0)	0.450821	(0.0749621 0.013582 -1.33482e-20)
1122	Ua	0	(0 0.0093083 0)	0.450828	(0.0749621 0.013582 -1.33482e-20)
1123	Ua	0	(0 0.0093083 0)	0.450836	(0.0749621 0.013582 -1.33482e-20)
1124	Ua	0	(0 0.0093083 0)	0.450842	(0.0749621 0.013582 -1.33482e-20)
1125	Ua	0	(0 0.0093083 0)	0.450849	(0.0749621 0.013582 -1.33482e-20)
1126	Ua	0	(0 0.0093083 0)	0.450855	(0.0749621 0.013582 -1.33482e-20)
1127	Ua	0	(0 0.0093083 0)	0.450861	(0.0749621 0.013582 -1.33482e-20)
1128	Ua	0	(0 0.0093083 0)	0.450867	(0.0749621 0.013582 -1.33482e-20)
1129	Ua	0	(0 0.0093083 0)	0.450872	(0.0749621 0.013582 -1.33482e-20)
1130	Ua	0	(0 0.0093083 0)	0.450878	(0.0749621 0.013582 -1.33482e-20)
1131	Ua	0	(0 0.0093083 0)	0.450883	(0.0749621 0.013582 -1.33482e-20)
1132	Ua	0	(0 0.0093083 0)	0.450887	(0.0749621 0.013582 -1.33482e-20)
1133	Ua	0	(0 0.0093083 0)	0.450892	(0.0749621 0.013582 -1.33482e-20)
1134	Ua	0	(0 0.0093083 0)	0.450896	(0.0749621 0.013582 -1.33482e-20)
1135	Ua	0	(0 0.0093083 0)	0.4509	(0.0749621 0.013582 -1.33482e-20)
1136	Ua	0	(0 0.0093083 0)	0.450904	(0.0749621 0.013582 -1.33482e-20)
1137	Ua	0	(0 0.0093083 0)	0.450908	(0.0749621 0.013582 -1.33482e-20)
1138	Ua	0	(0 0.0093083 0)	0.450912	(0.0749621 0.013582 -1.33482e-20)
1139	Ua	0	(0 0.0093083 0)	0.450915	(0.0749621 0.013582 -1.33482e-20)
1140	Ua	0	(0 0.0093083 0)	0.450918	(0.0749621 0.013582 -1.33482e-20)
1141	Ua	0	(0 0.0093083 0)	0.450922	(0.0749621 0.013582 -1.33482e-20)
1142	Ua	0	(0 0.0093083 0)	0.450925	(0.0749621 0.013582 -1.33482e-20)
1143	Ua	0	(0 0.0093083 0)	0.450927	(0.0749621 0.013582 -1.33482e-20)
1144	Ua	0	(0 0.0093083 0)	0.45093	(0.0749621 0.013582 -1.33482e-20)
1145	Ua	0	(0 0.0093083 0)	0.450933	(0.0749621 0.013582 -1.33482e-20)
1146	Ua	0	(0 0.0093083 0)	0.450935	(0.0749621 0.013582 -1.33482e-20)
1147	Ua	0	(0 0.0093083 0)	0.450938	(0.0749621 0.013582 -1.33482e-20)
1148	Ua	0	(0 0.0093083 0)	0.45094	(0.0749621 0.013582 -1.33482e-20)
1149	Ua	0	(0 0.0093083 0)	0.450942	(0.0749621 0.013582 -1.33482e-20)
1150	Ua	0	(0 0.0093083 0)	0.450944	(0.0749621 0.013582 -1.33482e-20)
1151	Ua	0	(0 0.0093083 0)	0.450946	(0.0749621 0.013582 -1.33482e-20)
1152	Ua	0	(0 0.0093083 0)	0.450948	(0.0749621 0.013582 -1.33482e-20)
1153	Ua	0	(0 0.0093083 0)	0.45095	(0.0749621 0.013582 -1.33482e-20)
1154	Ua	0	(0 0.0093083 0)	0.450952	(0.0749621 0.013582 -1.33482e-20)
1155	Ua	0	(0 0.0093083 0)	0.450953	(0.0749621 0.013582 -1.33482e-20)
1156	Ua	0	(0 0.0093083 0)	0.450955	(0.0749621 0.013582 -1.33482e-20)
1157	Ua	0	(0 0.0093083 0)	0.450957	(0.0749621 0.013582 -1.33482e-20)
1158	Ua	0	(0 0.0093083 0)	0.450958	(0.0749621 0.013582 -1.33482e-20)
1159	Ua	0	(0 0.0093083 0)	0.450959	(0.0749621 0.013582 -1.33482e-20)
1160	Ua	0	(0 0.0093083 0)	0.450961	(0.0749621 0.013582 -1.33482e-20)
1161	Ua	0	(0 0.0093083 0)	0.450962	(0.0749621 0.013582 -1.33482e-20)
1162	Ua	0	(0 0.0093083 0)	0.450963	(0.0749621 0.013582 -1.33482e-20)
1163	Ua	0	(0 0.0093083 0)	0.450964	(0.0749621 0.013582 -1.33482e-20)
1164	Ua	0	(0 0.0093083 0)	0.450966	(0.0749621 0.013582 -1.33482e-20)
1165	Ua	0	(0 0.0093083 0)	0.450967	(0.0749621 0.013582 -1.33482e-20)
1166	Ua	0	(0 0.0093083 0)	0.450968	(0.0749621 0.013582 -1.33482e-20)
1167	Ua	0	(0 0.0093083 0)	0.450969	(0.0749621 0.013582 -1.33482e-20)
1168	Ua	0	(0 0.0093083 0)	0.45097	(0.0749621 0.013582 -1.33482e-20)
1169	Ua	0	(0 0.0093083 0)	0.450971	(0.0749621 0.013582 -1.33482e-20)
1170	Ua	0	(0 0.0093083 0)	0.450971	(0.0749621 0.013582 -1.33482e-20)
1171	Ua	0	(0 0.0093083 0)	0.450972	(0.0749621 0.013582 -1.33482e-20)
1172	Ua	0	(0 0.0093083 0)	0.450973	(0.0749621 0.013582 -1.33482e-20)
1173	Ua	0	(0 0.0093083 0)	0.450974	(0.0749621 0.013582 -1.33482e-20)
1174	Ua	0	(0 0.0093083 0)	0.450974	(0.0749621 0.013582 -1.33482e-20)
1175	Ua	0	(0 0.0093083 0)	0.450975	(0.0749621 0.013582 -1.33482e-20)
1176	Ua	0	(0 0.0093083 0)	0.450976	(0.0749621 0.013582 -1.33482e-20)
1177	Ua	0	(0 0.0093083 0)	0.450976	(0.0749621 0.013582 -1.33482e-20)
1178	Ua	0	(0 0.0093083 0)	0.450977	(0.0749621 0.013582 -1.33482e-20)
1179	Ua	0	(0 0.0093083 0)	0.450978	(0.0749621 0.013582 -1.33482e-20)
1180	Ua	0	(0 0.0093083 0)	0.450978	(0.0749621 0.013582 -1.33482e-20)
1181	Ua	0	(0 0.0093083 0)	0.450979	(0.0749621 0.013582 -1.33482e-20)
1182	Ua	0	(0 0.0093083 0)	0.450979	(0.0749621 0.013582 -1.33482e-20)
1183	Ua	0	(0 0.0093083 0)	0.45098	(0.0749621 0.013582 -1.33482e-20)
1184	Ua	0	(0 0.0093083 0)	0.45098	(0.0749621 0.013582 -1.33482e-20)
1185	Ua	0	(0 0.0093083 0)	0.450981	(0.0749621 0.013582 -1.33482e-20)
1186	Ua	0	(0 0.0093083 0)	0.450981	(0.0749621 0.013582 -1.33482e-20)
1187	Ua	0	(0 0.0093083 0)	0.450981	(0.0749621 0.013582 -1.33482e-20)
1188	Ua	0	(0 0.0093083 0)	0.450982	(0.0749621 0.013582 -1.33482e-20)
1189	Ua	0	(0 0.0093083 0)	0.450982	(0.0749621 0.013582 -1.33482e-20)
1190	Ua	0	(0 0.0093083 0)	0.450982	(0.0749621 0.013582 -1.33482e-20)
1191	Ua	0	(0 0.0093083 0)	0.450983	(0.0749621 0.013582 -1.33482e-20)
1192	Ua	0	(0 0.0093083 0)	0.450983	(0.0749621 0.013582 -1.33482e-20)
1193	Ua	0	(0 0.0093083 0)	0.450983	(0.0749621 0.013582 -1.33482e-20)
1194	Ua	0	(0 0.0093083 0)	0.450984	(0.0749621 0.013582 -1.33482e-20)
1195	Ua	0	(0 0.0093083 0)	0.450984	(0.0749621 0.013582 -1.33482e-20)
1196	Ua	0	(0 0.0093083 0)	0.450984	(0.0749621 0.013582 -1.33482e-20)
1197	Ua	0	(0 0.0093083 0)	0.450985	(0.0749621 0.013582 -1.33482e-20)
1198	Ua	0	(0 0.0093083 0)	0.450985	(0.0749621 0.013582 -1.33482e-20)
1199	Ua	0	(0 0.0093083 0)	0.450985	(0.0749621 0.013582 -1.33482e-20)
1200	Ua	0	(0 0.0093083 0)	0.450985	(0.0749621 0.013582 -1.33482e-20)
1201	Ua	0	(0 0.0093083 0)	0.450985	(0.0749621 0.013582 -1.33482e-20)
1202	Ua	0	(0 0.0093083 0)	0.450986	(0.0749621 0.013582 -1.33482e-20)
1203	Ua	0	(0 0.0093083 0)	0.450986	(0.0749621 0.013582 -1.33482e-20)
1204	Ua	0	(0 0.0093083 0)	0.450986	(0.0749621 0.013582 -1.33482e-20)
1205	Ua	0	(0 0.0093083 0)	0.450986	(0.0749621 0.013582 -1.33482e-20)
1206	Ua	0	(0 0.0093083 0)	0.450986	(0.0749621 0.013582 -1.33482e-20)
1207	Ua	0	(0 0.0093083 0)	0.450987	(0.0749621 0.013582 -1.33482e-20)
1208	Ua	0	(0 0.0093083 0)	0.450987	(0.0749621 0.013582 -1.33482e-20)
1209	Ua	0	(0 0.0093083 0)	0.450987	(0.0749621 0.013582 -1.33482e-20)
1210	Ua	0	(0 0.0093083 0)	0.450987	(0.0749621 0.013582 -1.33482e-20)
1211	Ua	0	(0 0.0093083 0)	0.450987	(0.0749621 0.013582 -1.33482e-20)
1212	Ua	0	(0 0.0093083 0)	0.450987	(0.0749621 0.013582 -1.33482e-20)
1213	Ua	0	(0 0.0093083 0)	0.450987	(0.0749621 0.013582 -1.33482e-20)
1214	Ua	0	(0 0.0093083 0)	0.450988	(0.0749621 0.013582 -1.33482e-20)
1215	Ua	0	(0 0.0093083 0)	0.450988	(0.0749621 0.013582 -1.33482e-20)
1216	Ua	0	(0 0.0093083 0)	0.450988	(0.0749621 0.013582 -1.33482e-20)
1217	Ua	0	(0 0.0093083 0)	0.450988	(0.0749621 0.013582 -1.33482e-20)
1218	Ua	0	(0 0.0093083 0)	0.450988	(0.0749621 0.013582 -1.33482e-20)
1219	Ua	0	(0 0.0093083 0)	0.450988	(0.0749621 0.013582 -1.33482e-20)
1220	Ua	0	(0 0.0093083 0)	0.450988	(0.0749621 0.013582 -1.33482e-20)
1221	Ua	0	(0 0.0093083 0)	0.450988	(0.0749621 0.013582 -1.33482e-20)
1222	Ua	0	(0 0.0093083 0)	0.450988	(0.0749621 0.013582 -1.33482e-20)
1223	Ua	0	(0 0.0093083 0)	0.450988	(0.0749621 0.013582 -1.33482e-20)
1224	Ua	0	(0 0.0093083 0)	0.450989	(0.0749621 0.013582 -1.33482e-20)
1225	Ua	0	(0 0.0093083 0)	0.450989	(0.0749621 0.013582 -1.33482e-20)
1226	Ua	0	(0 0.0093083 0)	0.450989	(0.0749621 0.013582 -1.33482e-20)
1227	Ua	0	(0 0.0093083 0)	0.450989	(0.0749621 0.013582 -1.33482e-20)
1228	Ua	0	(0 0.0093083 0)	0.450989	(0.0749621 0.013582 -1.33482e-20)
1229	Ua	0	(0 0.0093083 0)	0.450989	(0.0749621 0.013582 -1.33482e-20)
1230	Ua	0	(0 0.0093083 0)	0.450989	(0.0749621 0.013582 -1.33482e-20)
1231	Ua	0	(0 0.0093083 0)	0.450989	(0.0749621 0.013582 -1.33482e-20)
1232	Ua	0	(0 0.0093083 0)	0.450989	(0.0749621 0.013582 -1.33482e-20)
1233	Ua	0	(0 0.0093083 0)	0.450989	(0.0749621 0.013582 -1.33482e-20)
1234	Ua	0	(0 0.0093083 0)	0.450989	(0.0749621 0.013582 -1.33482e-20)
1235	Ua	0	(0 0.0093083 0)	0.450989	(0.0749621 0.013582 -1.33482e-20)
1236	Ua	0	(0 0.0093083 0)	0.450989	(0.0749621 0.013582 -1.33482e-20)
1237	Ua	0	(0 0.0093083 0)	0.450989	(0.0749621 0.013582 -1.33482e-20)
1238	Ua	0	(0 0.0093083 0)	0.450989	(0.0749621 0.013582 -1.33482e-20)
1239	Ua	0	(0 0.0093083 0)	0.450989	(0.0749621 0.013582 -1.33482e-20)
1240	Ua	0	(0 0.0093083 0)	0.450989	(0.0749621 0.013582 -1.33482e-20)
1241	Ua	0	(0 0.0093083 0)	0.450989	(0.0749621 0.013582 -1.33482e-20)
1242	Ua	0	(0 0.0093083 0)	0.450989	(0.0749621 0.013582 -1.33482e-20)
1243	Ua	0	(0 0.0093083 0)	0.45099	(0.0749621 0.013582 -1.33482e-20)
1244	Ua	0	(0 0.0093083 0)	0.45099	(0.0749621 0.013582 -1.33482e-20)
1245	Ua	0	(0 0.0093083 0)	0.45099	(0.0749621 0.013582 -1.33482e-20)
1246	Ua	0	(0 0.0093083 0)	0.45099	(0.0749621 0.013582 -1.33482e-20)
1247	Ua	0	(0 0.0093083 0)	0.45099	(0.0749621 0.013582 -1.33482e-20)
1248	Ua	0	(0 0.0093083 0)	0.45099	(0.0749621 0.013582 -1.33482e-20)
1249	Ua	0	(0 0.0093083 0)	0.45099	(0.0749621 0.013582 -1.33482e-20)
1250	Ua	0	(0 0.0093083 0)	0.45099	(0.0749621 0.013582 -1.33482e-20)
1251	Ua	0	(0 0.0093083 0)	0.45099	(0.0749621 0.013582 -1.33482e-20)
1252	Ua	0	(0 0.0093083 0)	0.45099	(0.0749621 0.013582 -1.33482e-20)
1253	Ua	0	(0 0.0093083 0)	0.45099	(0.0749621 0.013582 -1.33482e-20)
1254	Ua	0	(0 0.0093083 0)	0.45099	(0.0749621 0.013582 -1.33482e-20)
1255	Ua	0	(0 0.0093083 0)	0.45099	(0.0749621 0.013582 -1.33482e-20)
1256	Ua	0	(0 0.0093083 0)	0.45099	(0.0749621 0.013582 -1.33482e-20)
1257	Ua	0	(0 0.0093083 0)	0.45099	(0.0749621 0.013582 -1.33482e-20)
1258	Ua	0	(0 0.0093083 0)	0.45099	(0.0749621 0.013582 -1.33482e-20)
1259	Ua	0	(0 0.0093083 0)	0.45099	(0.0749621 0.013582 -1.33482e-20)
1260	Ua	0	(0 0.0093083 0)	0.45099	(0.0749621 0.013582 -1.33482e-20)
1261	Ua	0	(0 0.0093083 0)	0.45099	(0.0749621 0.013582 -1.33482e-20)
1262	Ua	0	(0 0.0093083 0)	0.45099	(0.0749621 0.013582 -1.33482e-20)
1263	Ua	0	(0 0.0093083 0)	0.45099	(0.0749621 0.013582 -1.33482e-20)
1264	Ua	0	(0 0.0093083 0)	0.45099	(0.0749621 0.013582 -1.33482e-20)
1265	Ua	0	(0 0.0093083 0)	0.45099	(0.0749621 0.013582 -1.33482e-20)
1266	Ua	0	(0 0.0093083 0)	0.45099	(0.0749621 0.013582 -1.33482e-20)
1267	Ua	0	(0 0.0093083 0)	0.45099	(0.0749621 0.013582 -1.33482e-20)
1268	Ua	0	(0 0.0093083 0)	0.45099	(0.0749621 0.013582 -1.33482e-20)
1269	Ua	0	(0 0.0093083 0)	0.45099	(0.0749621 0.013582 -1.33482e-20)
1270	Ua	0	(0 0.0093083 0)	0.45099	(0.0749621 0.013582 -1.33482e-20)
1271	Ua	0	(0 0.0093083 0)	0.45099	(0.0749621 0.013582 -1.33482e-20)
1272	Ua	0	(0 0.0093083 0)	0.45099	(0.0749621 0.013582 -1.33482e-20)
1273	Ua	0	(0 0.0093083 0)	0.45099	(0.0749621 0.013582 -1.33482e-20)
1274	Ua	0	(0 0.0093083 0)	0.45099	(0.0749621 0.013582 -1.33482e-20)
1275	Ua	0	(0 0.0093083 0)	0.45099	(0.0749621 0.013582 -1.33482e-20)
1276	Ua	0	(0 0.0093083 0)	0.45099	(0.0749621 0.013582 -1.33482e-20)
1277	Ua	0	(0 0.0093083 0)	0.45099	(0.0749621 0.013582 -1.33482e-20)
1278	Ua	0	(0 0.0093083 0)	0.45099	(0.0749621 0.013582 -1.33482e-20)
1279	Ua	0	(0 0.0093083 0)	0.45099	(0.0749621 0.013582 -1.33482e-20)
1280	Ua	0	(0 0.0093083 0)	0.45099	(0.0749621 0.013582 -1.33482e-20)
1281	Ua	0	(0 0.0093083 0)	0.45099	(0.0749621 0.013582 -1.33482e-20)
1282	Ua	0	(0 0.0093083 0)	0.45099	(0.0749621 0.013582 -1.33482e-20)
1283	Ua	0	(0 0.0093083 0)	0.45099	(0.0749621 0.013582 -1.33482e-20)
1284	Ua	0	(0 0.0093083 0)	0.45099	(0.0749621 0.013582 -1.33482e-20)
1285	Ua	0	(0 0.0093083 0)	0.45099	(0.0749621 0.013582 -1.33482e-20)
1286	Ua	0	(0 0.0093083 0)	0.45099	(0.0749621 0.013582 -1.33482e-20)
1287	Ua	0	(0 0.0093083 0)	0.45099	(0.0749621 0.013582 -1.33482e-20)
1288	Ua	0	(0 0.0093083 0)	0.45099	(0.0749621 0.013582 -1.33482e-20)
1289	Ua	0	(0 0.0093083 0)	0.45099	(0.0749621 0.013582 -1.33482e-20)
1290	Ua	0	(0 0.0093083 0)	0.45099	(0.0749621 0.013582 -1.33482e-20)
1291	Ua	0	(0 0.0093083 0)	0.45099	(0.0749621 0.013582 -1.33482e-20)
1292	Ua	0	(0 0.0093083 0)	0.45099	(0.0749621 0.013582 -1.33482e-20)
1293	Ua	0	(0 0.0093083 0)	0.45099	(0.0749621 0.013582 -1.33482e-20)
1294	Ua	0	(0 0.0093083 0)	0.45099	(0.0749621 0.013582 -1.33482e-20)
1295	Ua	0	(0 0.0093083 0)	0.45099	(0.0749621 0.013582 -1.33482e-20)
1296	Ua	0	(0 0.0093083 0)	0.45099	(0.0749621 0.013582 -1.33482e-20)
1297	Ua	0	(0 0.0093083 0)	0.45099	(0.0749621 0.013582 -1.33482e-20)
1298	Ua	0	(0 0.0093083 0)	0.45099	(0.0749621 0.013582 -1.33482e-20)
1299	Ua	0	(0 0.0093083 0)	0.45099	(0.0749621 0.013582 -1.33482e-20)
1300	Ua	0	(0 0.0093083 0)	0.45099	(0.0749621 0.013582 -1.33482e-20)
1301	Ua	0	(0 0.0093083 0)	0.45099	(0.0749621 0.013582 -1.33482e-20)
1302	Ua	0	(0 0.0093083 0)	0.45099	(0.0749621 0.013582 -1.33482e-20)
1303	Ua	0	(0 0.0093083 0)	0.45099	(0.0749621 0.013582 -1.33482e-20)
1304	Ua	0	(0 0.0093083 0)	0.45099	(0.0749621 0.013582 -1.33482e-20)
1305	Ua	0	(0 0.0093083 0)	0.45099	(0.0749621 0.013582 -1.33482e-20)
1306	Ua	0	(0 0.0093083 0)	0.45099	(0.0749621 0.013582 -1.33482e-20)
1307	Ua	0	(0 0.0093083 0)	0.45099	(0.0749621 0.013582 -1.33482e-20)
1308	Ua	0	(0 0.0093083 0)	0.45099	(0.0749621 0.013582 -1.33482e-20)
1309	Ua	0	(0 0.0093083 0)	0.45099	(0.0749621 0.013582 -1.33482e-20)
1310	Ua	0	(0 0.0093083 0)	0.45099	(0.0749621 0.013582 -1.33482e-20)
1311	Ua	0	(0 0.0093083 0)	0.45099	(0.0749621 0.013582 -1.33482e-20)
1312	Ua	0	(0 0.0093083 0)	0.45099	(0.0749621 0.013582 -1.33482e-20)
1313	Ua	0	(0 0.0093083 0)	0.45099	(0.0749621 0.013582 -1.33482e-20)
1314	Ua	0	(0 0.0093083 0)	0.45099	(0.0749621 0.013582 -1.33482e-20)
1315	Ua	0	(0 0.0093083 0)	0.45099	(0.0749621 0.013582 -1.33482e-20)
1316	Ua	0	(0 0.0093083 0)	0.45099	(0.0749621 0.013582 -1.33482e-20)
1317	Ua	0	(0 0.0093083 0)	0.45099	(0.0749621 0.013582 -1.33482e-20)
1318	Ua	0	(0 0.0093083 0)	0.45099	(0.0749621 0.013582 -1.33482e-20)
1319	Ua	0	(0 0.0093083 0)	0.45099	(0.0749621 0.013582 -1.33482e-20)
1320	Ua	0	(0 0.0093083 0)	0.45099	(0.0749621 0.013582 -1.33482e-20)
1321	Ua	0	(0 0.0093083 0)	0.45099	(0.0749621 0.013582 -1.33482e-20)
1322	Ua	0	(0 0.0093083 0)	0.45099	(0.0749621 0.013582 -1.33482e-20)
1323	Ua	0	(0 0.0093083 0)	0.45099	(0.0749621 0.013582 -1.33482e-20)
1324	Ua	0	(0 0.0093083 0)	0.45099	(0.0749621 0.013582 -1.33482e-20)
1325	Ua	0	(0 0.0093083 0)	0.45099	(0.0749621 0.013582 -1.33482e-20)
1326	Ua	0	(0 0.0093083 0)	0.45099	(0.0749621 0.013582 -1.33482e-20)
1327	Ua	0	(0 0.0093083 0)	0.45099	(0.0749621 0.013582 -1.33482e-20)
1328	Ua	0	(0 0.0093083 0)	0.45099	(0.0749621 0.013582 -1.33482e-20)
1329	Ua	0	(0 0.0093083 0)	0.45099	(0.0749621 0.013582 -1.33482e-20)
1330	Ua	0	(0 0.0093083 0)	0.45099	(0.0749621 0.013582 -1.33482e-20)
1331	Ua	0	(0 0.0093083 0)	0.45099	(0.0749621 0.013582 -1.33482e-20)
1332	Ua	0	(0 0.0093083 0)	0.45099	(0.0749621 0.013582 -1.33482e-20)
1333	Ua	0	(0 0.0093083 0)	0.45099	(0.0749621 0.013582 -1.33482e-20)
1334	Ua	0	(0 0.0093083 0)	0.45099	(0.0749621 0.013582 -1.33482e-20)
1335	Ua	0	(0 0.0093083 0)	0.45099	(0.0749621 0.013582 -1.33482e-20)
1336	Ua	0	(0 0.0093083 0)	0.45099	(0.0749621 0.013582 -1.33482e-20)
1337	Ua	0	(0 0.0093083 0)	0.45099	(0.0749621 0.013582 -1.33482e-20)
1338	Ua	0	(0 0.0093083 0)	0.45099	(0.0749621 0.013582 -1.33482e-20)
1339	Ua	0	(0 0.0093083 0)	0.45099	(0.0749621 0.013582 -1.33482e-20)
1340	Ua	0	(0 0.0093083 0)	0.45099	(0.0749621 0.013582 -1.33482e-20)
1341	Ua	0	(0 0.0093083 0)	0.45099	(0.0749621 0.013582 -1.33482e-20)
1342	Ua	0	(0 0.0093083 0)	0.45099	(0.0749621 0.013582 -1.33482e-20)
1343	Ua	0	(0 0.0093083 0)	0.45099	(0.0749621 0.013582 -1.33482e-20)
1344	Ua	0	(0 0.0093083 0)	0.45099	(0.0749621 0.013582 -1.33482e-20)
1345	Ua	0	(0 0.0093083 0)	0.45099	(0.0749621 0.013582 -1.33482e-20)
1346	Ua	0	(0 0.0093083 0)	0.45099	(0.0749621 0.013582 -1.33482e-20)
1347	Ua	0	(0 0.0093083 0)	0.45099	(0.0749621 0.013582 -1.33482e-20)
1348	Ua	0	(0 0.0093083 0)	0.45099	(0.0749621 0.013582 -1.33482e-20)
1349	Ua	0	(0 0.0093083 0)	0.45099	(0.0749621 0.013582 -1.33482e-20)
1350	Ua	0	(0 0.0093083 0)	0.45099	(0.0749621 0.013582 -1.33482e-20)
1351	Ua	0	(0 0.0093083 0)	0.45099	(0.0749621 0.013582 -1.33482e-20)
1352	Ua	0	(0 0.0093083 0)	0.45099	(0.0749621 0.013582 -1.33482e-20)
1353	Ua	0	(0 0.0093083 0)	0.45099	(0.0749621 0.013582 -1.33482e-20)
1354	Ua	0	(0 0.0093083 0)	0.45099	(0.0749621 0.013582 -1.33482e-20)
1355	Ua	0	(0 0.0093083 0)	0.45099	(0.0749621 0.013582 -1.33482e-20)
1356	Ua	0	(0 0.0093083 0)	0.45099	(0.0749621 0.013582 -1.33482e-20)
1357	Ua	0	(0 0.0093083 0)	0.45099	(0.0749621 0.013582 -1.33482e-20)
1358	Ua	0	(0 0.0093083 0)	0.45099	(0.0749621 0.013582 -1.33482e-20)
1359	Ua	0	(0 0.0093083 0)	0.45099	(0.0749621 0.013582 -1.33482e-20)
1360	Ua	0	(0 0.0093083 0)	0.45099	(0.0749621 0.013582 -1.33482e-20)
1361	Ua	0	(0 0.0093083 0)	0.45099	(0.0749621 0.013582 -1.33482e-20)
1362	Ua	0	(0 0.0093083 0)	0.45099	(0.0749621 0.013582 -1.33482e-20)
1363	Ua	0	(0 0.0093083 0)	0.45099	(0.0749621 0.013582 -1.33482e-20)
1364	Ua	0	(0 0.0093083 0)	0.45099	(0.0749621 0.013582 -1.33482e-20)
1365	Ua	0	(0 0.0093083 0)	0.45099	(0.0749621 0.013582 -1.33482e-20)
1366	Ua	0	(0 0.0093083 0)	0.45099	(0.0749621 0.013582 -1.33482e-20)
1367	Ua	0	(0 0.0093083 0)	0.45099	(0.0749621 0.013582 -1.33482e-20)
1368	Ua	0	(0 0.0093083 0)	0.45099	(0.0749621 0.013582 -1.33482e-20)
1369	Ua	0	(0 0.0093083 0)	0.45099	(0.0749621 0.013582 -1.33482e-20)
1370	Ua	0	(0 0.0093083 0)	0.45099	(0.0749621 0.013582 -1.33482e-20)
1371	Ua	0	(0 0.0093083 0)	0.45099	(0.0749621 0.013582 -1.33482e-20)
1372	Ua	0	(0 0.0093083 0)	0.45099	(0.0749621 0.013582 -1.33482e-20)
1373	Ua	0	(0 0.0093083 0)	0.45099	(0.0749621 0.013582 -1.33482e-20)
1374	Ua	0	(0 0.0093083 0)	0.45099	(0.0749621 0.013582 -1.33482e-20)
1375	Ua	0	(0 0.0093083 0)	0.45099	(0.0749621 0.013582 -1.33482e-20)
1376	Ua	0	(0 0.0093083 0)	0.45099	(0.0749621 0.013582 -1.33482e-20)
1377	Ua	0	(0 0.0093083 0)	0.45099	(0.0749621 0.013582 -1.33482e-20)
1378	Ua	0	(0 0.0093083 0)	0.45099	(0.0749621 0.013582 -1.33482e-20)
1379	Ua	0	(0 0.0093083 0)	0.45099	(0.0749621 0.013582 -1.33482e-20)
1380	Ua	0	(0 0.0093083 0)	0.45099	(0.0749621 0.013582 -1.33482e-20)
1381	Ua	0	(0 0.0093083 0)	0.45099	(0.0749621 0.013582 -1.33482e-20)
1382	Ua	0	(0 0.0093083 0)	0.45099	(0.0749621 0.013582 -1.33482e-20)
1383	Ua	0	(0 0.0093083 0)	0.45099	(0.0749621 0.013582 -1.33482e-20)
1384	Ua	0	(0 0.0093083 0)	0.45099	(0.0749621 0.013582 -1.33482e-20)
1385	Ua	0	(0 0.0093083 0)	0.45099	(0.0749621 0.013582 -1.33482e-20)
1386	Ua	0	(0 0.0093083 0)	0.45099	(0.0749621 0.013582 -1.33482e-20)
1387	Ua	0	(0 0.0093083 0)	0.45099	(0.0749621 0.013582 -1.33482e-20)
1388	Ua	0	(0 0.0093083 0)	0.45099	(0.0749621 0.013582 -1.33482e-20)
1389	Ua	0	(0 0.0093083 0)	0.45099	(0.0749621 0.013582 -1.33482e-20)
1390	Ua	0	(0 0.0093083 0)	0.45099	(0.0749621 0.013582 -1.33482e-20)
1391	Ua	0	(0 0.0093083 0)	0.45099	(0.0749621 0.013582 -1.33482e-20)
1392	Ua	0	(0 0.0093083 0)	0.45099	(0.0749621 0.013582 -1.33482e-20)
1393	Ua	0	(0 0.0093083 0)	0.45099	(0.0749621 0.013582 -1.33482e-20)
1394	Ua	0	(0 0.0093083 0)	0.45099	(0.0749621 0.013582 -1.33482e-20)
1395	Ua	0	(0 0.0093083 0)	0.45099	(0.0749621 0.013582 -1.33482e-20)
1396	Ua	0	(0 0.0093083 0)	0.45099	(0.0749621 0.013582 -1.33482e-20)
1397	Ua	0	(0 0.0093083 0)	0.45099	(0.0749621 0.013582 -1.33482e-20)
1398	Ua	0	(0 0.0093083 0)	0.45099	(0.0749621 0.013582 -1.33482e-20)
1399	Ua	0	(0 0.0093083 0)	0.45099	(0.0749621 0.013582 -1.33482e-20)
1400	Ua	0	(0 0.0093083 0)	0.45099	(0.0749621 0.013582 -1.33482e-20)
1401	Ua	0	(0 0.0093083 0)	0.45099	(0.0749621 0.013582 -1.33482e-20)
1402	Ua	0	(0 0.0093083 0)	0.45099	(0.0749621 0.013582 -1.33482e-20)
1403	Ua	0	(0 0.0093083 0)	0.45099	(0.0749621 0.013582 -1.33482e-20)
1404	Ua	0	(0 0.0093083 0)	0.45099	(0.0749621 0.013582 -1.33482e-20)
1405	Ua	0	(0 0.0093083 0)	0.45099	(0.0749621 0.013582 -1.33482e-20)
1406	Ua	0	(0 0.0093083 0)	0.45099	(0.0749621 0.013582 -1.33482e-20)
1407	Ua	0	(0 0.0093083 0)	0.45099	(0.0749621 0.013582 -1.33482e-20)
1408	Ua	0	(0 0.0093083 0)	0.45099	(0.0749621 0.013582 -1.33482e-20)
1409	Ua	0	(0 0.0093083 0)	0.45099	(0.0749621 0.013582 -1.33482e-20)
1410	Ua	0	(0 0.0093083 0)	0.45099	(0.0749621 0.013582 -1.33482e-20)
1411	Ua	0	(0 0.0093083 0)	0.45099	(0.0749621 0.013582 -1.33482e-20)
1412	Ua	0	(0 0.0093083 0)	0.45099	(0.0749621 0.013582 -1.33482e-20)
1413	Ua	0	(0 0.0093083 0)	0.45099	(0.0749621 0.013582 -1.33482e-20)
1414	Ua	0	(0 0.0093083 0)	0.45099	(0.0749621 0.013582 -1.33482e-20)
1415	Ua	0	(0 0.0093083 0)	0.45099	(0.0749621 0.013582 -1.33482e-20)
1416	Ua	0	(0 0.0093083 0)	0.45099	(0.0749621 0.013582 -1.33482e-20)
1417	Ua	0	(0 0.0093083 0)	0.45099	(0.0749621 0.013582 -1.33482e-20)
1418	Ua	0	(0 0.0093083 0)	0.45099	(0.0749621 0.013582 -1.33482e-20)
1419	Ua	0	(0 0.0093083 0)	0.45099	(0.0749621 0.013582 -1.33482e-20)
1420	Ua	0	(0 0.0093083 0)	0.45099	(0.0749621 0.013582 -1.33482e-20)
1421	Ua	0	(0 0.0093083 0)	0.45099	(0.0749621 0.013582 -1.33482e-20)
1422	Ua	0	(0 0.0093083 0)	0.45099	(0.0749621 0.013582 -1.33482e-20)
1423	Ua	0	(0 0.0093083 0)	0.45099	(0.0749621 0.013582 -1.33482e-20)
1424	Ua	0	(0 0.0093083 0)	0.45099	(0.0749621 0.013582 -1.33482e-20)
1425	Ua	0	(0 0.0093083 0)	0.45099	(0.0749621 0.013582 -1.33482e-20)
1426	Ua	0	(0 0.0093083 0)	0.45099	(0.0749621 0.013582 -1.33482e-20)
1427	Ua	0	(0 0.0093083 0)	0.45099	(0.0749621 0.013582 -1.33482e-20)
1428	Ua	0	(0 0.0093083 0)	0.45099	(0.0749621 0.013582 -1.33482e-20)
1429	Ua	0	(0 0.0093083 0)	0.45099	(0.0749621 0.013582 -1.33482e-20)
1430	Ua	0	(0 0.0093083 0)	0.45099	(0.0749621 0.013582 -1.33482e-20)
1431	Ua	0	(0 0.0093083 0)	0.45099	(0.0749621 0.013582 -1.33482e-20)
1432	Ua	0	(0 0.0093083 0)	0.45099	(0.0749621 0.013582 -1.33482e-20)
1433	Ua	0	(0 0.0093083 0)	0.45099	(0.0749621 0.013582 -1.33482e-20)
1434	Ua	0	(0 0.0093083 0)	0.45099	(0.0749621 0.013582 -1.33482e-20)
1435	Ua	0	(0 0.0093083 0)	0.45099	(0.0749621 0.013582 -1.33482e-20)
1436	Ua	0	(0 0.0093083 0)	0.45099	(0.0749621 0.013582 -1.33482e-20)
1437	Ua	0	(0 0.0093083 0)	0.45099	(0.0749621 0.013582 -1.33482e-20)
1438	Ua	0	(0 0.0093083 0)	0.45099	(0.0749621 0.013582 -1.33482e-20)
1439	Ua	0	(0 0.0093083 0)	0.45099	(0.0749621 0.013582 -1.33482e-20)
1440	Ua	0	(0 0.0093083 0)	0.45099	(0.0749621 0.013582 -1.33482e-20)
1441	Ua	0	(0 0.0093083 0)	0.45099	(0.0749621 0.013582 -1.33482e-20)
1442	Ua	0	(0 0.0093083 0)	0.45099	(0.0749621 0.013582 -1.33482e-20)
1443	Ua	0	(0 0.0093083 0)	0.45099	(0.0749621 0.013582 -1.33482e-20)
1444	Ua	0	(0 0.0093083 0)	0.45099	(0.0749621 0.013582 -1.33482e-20)
1445	Ua	0	(0 0.0093083 0)	0.45099	(0.0749621 0.013582 -1.33482e-20)
1446	Ua	0	(0 0.0093083 0)	0.45099	(0.0749621 0.013582 -1.33482e-20)
1447	Ua	0	(0 0.0093083 0)	0.45099	(0.0749621 0.013582 -1.33482e-20)
1448	Ua	0	(0 0.0093083 0)	0.45099	(0.0749621 0.013582 -1.33482e-20)
1449	Ua	0	(0 0.0093083 0)	0.45099	(0.0749621 0.013582 -1.33482e-20)
1450	Ua	0	(0 0.0093083 0)	0.45099	(0.0749621 0.013582 -1.33482e-20)
1451	Ua	0	(0 0.0093083 0)	0.45099	(0.0749621 0.013582 -1.33482e-20)
1452	Ua	0	(0 0.0093083 0)	0.45099	(0.0749621 0.013582 -1.33482e-20)
1453	Ua	0	(0 0.0093083 0)	0.45099	(0.0749621 0.013582 -1.33482e-20)
1454	Ua	0	(0 0.0093083 0)	0.45099	(0.0749621 0.013582 -1.33482e-20)
1455	Ua	0	(0 0.0093083 0)	0.45099	(0.0749621 0.013582 -1.33482e-20)
1456	Ua	0	(0 0.0093083 0)	0.45099	(0.0749621 0.013582 -1.33482e-20)
1457	Ua	0	(0 0.0093083 0)	0.45099	(0.0749621 0.013582 -1.33482e-20)
1458	Ua	0	(0 0.0093083 0)	0.45099	(0.0749621 0.013582 -1.33482e-20)
1459	Ua	0	(0 0.0093083 0)	0.45099	(0.0749621 0.013582 -1.33482e-20)
1460	Ua	0	(0 0.0093083 0)	0.45099	(0.0749621 0.013582 -1.33482e-20)
1461	Ua	0	(0 0.0093083 0)	0.45099	(0.0749621 0.013582 -1.33482e-20)
1462	Ua	0	(0 0.0093083 0)	0.45099	(0.0749621 0.013582 -1.33482e-20)
1463	Ua	0	(0 0.0093083 0)	0.45099	(0.0749621 0.013582 -1.33482e-20)
1464	Ua	0	(0 0.0093083 0)	0.45099	(0.0749621 0.013582 -1.33482e-20)
1465	Ua	0	(0 0.0093083 0)	0.45099	(0.0749621 0.013582 -1.33482e-20)
1466	Ua	0	(0 0.0093083 0)	0.45099	(0.0749621 0.013582 -1.33482e-20)
1467	Ua	0	(0 0.0093083 0)	0.45099	(0.0749621 0.013582 -1.33482e-20)
1468	Ua	0	(0 0.0093083 0)	0.45099	(0.0749621 0.013582 -1.33482e-20)
1469	Ua	0	(0 0.0093083 0)	0.45099	(0.0749621 0.013582 -1.33482e-20)
1470	Ua	0	(0 0.0093083 0)	0.45099	(0.0749621 0.013582 -1.33482e-20)
1471	Ua	0	(0 0.0093083 0)	0.45099	(0.0749621 0.013582 -1.33482e-20)
1472	Ua	0	(0 0.0093083 0)	0.45099	(0.0749621 0.013582 -1.33482e-20)
1473	Ua	0	(0 0.0093083 0)	0.45099	(0.0749621 0.013582 -1.33482e-20)
1474	Ua	0	(0 0.0093083 0)	0.45099	(0.0749621 0.013582 -1.33482e-20)
1475	Ua	0	(0 0.0093083 0)	0.45099	(0.0749621 0.013582 -1.33482e-20)
1476	Ua	0	(0 0.0093083 0)	0.45099	(0.0749621 0.013582 -1.33482e-20)
1477	Ua	0	(0 0.0093083 0)	0.45099	(0.0749621 0.013582 -1.33482e-20)
1478	Ua	0	(0 0.0093083 0)	0.45099	(0.0749621 0.013582 -1.33482e-20)
1479	Ua	0	(0 0.0093083 0)	0.45099	(0.0749621 0.013582 -1.33482e-20)
1480	Ua	0	(0 0.0093083 0)	0.45099	(0.0749621 0.013582 -1.33482e-20)
1481	Ua	0	(0 0.0093083 0)	0.45099	(0.0749621 0.013582 -1.33482e-20)
1482	Ua	0	(0 0.0093083 0)	0.45099	(0.0749621 0.013582 -1.33482e-20)
1483	Ua	0	(0 0.0093083 0)	0.45099	(0.0749621 0.013582 -1.33482e-20)
1484	Ua	0	(0 0.0093083 0)	0.45099	(0.0749621 0.013582 -1.33482e-20)
1485	Ua	0	(0 0.0093083 0)	0.45099	(0.0749621 0.013582 -1.33482e-20)
1486	Ua	0	(0 0.0093083 0)	0.45099	(0.0749621 0.013582 -1.33482e-20)
1487	Ua	0	(0 0.0093083 0)	0.45099	(0.0749621 0.013582 -1.33482e-20)
1488	Ua	0	(0 0.0093083 0)	0.45099	(0.0749621 0.013582 -1.33482e-20)
1489	Ua	0	(0 0.0093083 0)	0.45099	(0.0749621 0.013582 -1.33482e-20)
1490	Ua	0	(0 0.0093083 0)	0.45099	(0.0749621 0.013582 -1.33482e-20)
1491	Ua	0	(0 0.0093083 0)	0.45099	(0.0749621 0.013582 -1.33482e-20)
1492	Ua	0	(0 0.0093083 0)	0.45099	(0.0749621 0.013582 -1.33482e-20)
1493	Ua	0	(0 0.0093083 0)	0.45099	(0.0749621 0.013582 -1.33482e-20)
1494	Ua	0	(0 0.0093083 0)	0.45099	(0.0749621 0.013582 -1.33482e-20)
1495	Ua	0	(0 0.0093083 0)	0.45099	(0.0749621 0.013582 -1.33482e-20)
1496	Ua	0	(0 0.0093083 0)	0.45099	(0.0749621 0.013582 -1.33482e-20)
1497	Ua	0	(0 0.0093083 0)	0.45099	(0.0749621 0.013582 -1.33482e-20)
1498	Ua	0	(0 0.0093083 0)	0.45099	(0.0749621 0.013582 -1.33482e-20)
1499	Ua	0	(0 0.0093083 0)	0.45099	(0.0749621 0.013582 -1.33482e-20)
1500	Ua	0	(0 0.0093083 0)	0.45099	(0.0749621 0.013582 -1.33482e-20)
1501	Ua	0	(0 0.0093083 0)	0.45099	(0.0749621 0.013582 -1.33482e-20)
1502	Ua	0	(0 0.0093083 0)	0.45099	(0.0749621 0.013582 -1.33482e-20)
1503	Ua	0	(0 0.0093083 0)	0.45099	(0.0749621 0.013582 -1.33482e-20)
1504	Ua	0	(0 0.0093083 0)	0.45099	(0.0749621 0.013582 -1.33482e-20)
1505	Ua	0	(0 0.0093083 0)	0.45099	(0.0749621 0.013582 -1.33482e-20)
1506	Ua	0	(0 0.0093083 0)	0.45099	(0.0749621 0.013582 -1.33482e-20)
1507	Ua	0	(0 0.0093083 0)	0.45099	(0.0749621 0.013582 -1.33482e-20)
1508	Ua	0	(0 0.0093083 0)	0.45099	(0.0749621 0.013582 -1.33482e-20)
1509	Ua	0	(0 0.0093083 0)	0.45099	(0.0749621 0.013582 -1.33482e-20)
1510	Ua	0	(0 0.0093083 0)	0.45099	(0.0749621 0.013582 -1.33482e-20)
1511	Ua	0	(0 0.0093083 0)	0.45099	(0.0749621 0.013582 -1.33482e-20)
1512	Ua	0	(0 0.0093083 0)	0.45099	(0.0749621 0.013582 -1.33482e-20)
1513	Ua	0	(0 0.0093083 0)	0.45099	(0.0749621 0.013582 -1.33482e-20)
1514	Ua	0	(0 0.0093083 0)	0.45099	(0.0749621 0.013582 -1.33482e-20)
1515	Ua	0	(0 0.0093083 0)	0.45099	(0.0749621 0.013582 -1.33482e-20)
1516	Ua	0	(0 0.0093083 0)	0.45099	(0.0749621 0.013582 -1.33482e-20)
1517	Ua	0	(0 0.0093083 0)	0.45099	(0.0749621 0.013582 -1.33482e-20)
1518	Ua	0	(0 0.0093083 0)	0.45099	(0.0749621 0.013582 -1.33482e-20)
1519	Ua	0	(0 0.0093083 0)	0.45099	(0.0749621 0.013582 -1.33482e-20)
1520	Ua	0	(0 0.0093083 0)	0.45099	(0.0749621 0.013582 -1.33482e-20)
1521	Ua	0	(0 0.0093083 0)	0.45099	(0.0749621 0.013582 -1.33482e-20)
1522	Ua	0	(0 0.0093083 0)	0.45099	(0.0749621 0.013582 -1.33482e-20)
1523	Ua	0	(0 0.0093083 0)	0.45099	(0.0749621 0.013582 -1.33482e-20)
1524	Ua	0	(0 0.0093083 0)	0.45099	(0.0749621 0.013582 -1.33482e-20)
1525	Ua	0	(0 0.0093083 0)	0.45099	(0.0749621 0.013582 -1.33482e-20)
1526	Ua	0	(0 0.0093083 0)	0.45099	(0.0749621 0.013582 -1.33482e-20)
1527	Ua	0	(0 0.0093083 0)	0.45099	(0.0749621 0.013582 -1.33482e-20)
1528	Ua	0	(0 0.0093083 0)	0.45099	(0.0749621 0.013582 -1.33482e-20)
1529	Ua	0	(0 0.0093083 0)	0.45099	(0.0749621 0.013582 -1.33482e-20)
1530	Ua	0	(0 0.0093083 0)	0.45099	(0.0749621 0.013582 -1.33482e-20)
1531	Ua	0	(0 0.0093083 0)	0.45099	(0.0749621 0.013582 -1.33482e-20)
1532	Ua	0	(0 0.0093083 0)	0.45099	(0.0749621 0.013582 -1.33482e-20)
1533	Ua	0	(0 0.0093083 0)	0.45099	(0.0749621 0.013582 -1.33482e-20)
1534	Ua	0	(0 0.0093083 0)	0.45099	(0.0749621 0.013582 -1.33482e-20)
1535	Ua	0	(0 0.0093083 0)	0.45099	(0.0749621 0.013582 -1.33482e-20)
1536	Ua	0	(0 0.0093083 0)	0.45099	(0.0749621 0.013582 -1.33482e-20)
1537	Ua	0	(0 0.0093083 0)	0.45099	(0.0749621 0.013582 -1.33482e-20)
1538	Ua	0	(0 0.0093083 0)	0.45099	(0.0749621 0.013582 -1.33482e-20)
1539	Ua	0	(0 0.0093083 0)	0.45099	(0.0749621 0.013582 -1.33482e-20)
1540	Ua	0	(0 0.0093083 0)	0.45099	(0.0749621 0.013582 -1.33482e-20)
1541	Ua	0	(0 0.0093083 0)	0.45099	(0.0749621 0.013582 -1.33482e-20)
1542	Ua	0	(0 0.0093083 0)	0.45099	(0.0749621 0.013582 -1.33482e-20)
1543	Ua	0	(0 0.0093083 0)	0.45099	(0.0749621 0.013582 -1.33482e-20)
1544	Ua	0	(0 0.0093083 0)	0.45099	(0.0749621 0.013582 -1.33482e-20)
1545	Ua	0	(0 0.0093083 0)	0.45099	(0.0749621 0.013582 -1.33482e-20)
1546	Ua	0	(0 0.0093083 0)	0.45099	(0.0749621 0.013582 -1.33482e-20)
1547	Ua	0	(0 0.0093083 0)	0.45099	(0.0749621 0.013582 -1.33482e-20)
1548	Ua	0	(0 0.0093083 0)	0.45099	(0.0749621 0.013582 -1.33482e-20)
1549	Ua	0	(0 0.0093083 0)	0.45099	(0.0749621 0.013582 -1.33482e-20)
1550	Ua	0	(0 0.0093083 0)	0.45099	(0.0749621 0.013582 -1.33482e-20)
1551	Ua	0	(0 0.0093083 0)	0.45099	(0.0749621 0.013582 -1.33482e-20)
1552	Ua	0	(0 0.0093083 0)	0.45099	(0.0749621 0.013582 -1.33482e-20)
1553	Ua	0	(0 0.0093083 0)	0.45099	(0.0749621 0.013582 -1.33482e-20)
1554	Ua	0	(0 0.0093083 0)	0.45099	(0.0749621 0.013582 -1.33482e-20)
1555	Ua	0	(0 0.0093083 0)	0.45099	(0.0749621 0.013582 -1.33482e-20)
1556	Ua	0	(0 0.0093083 0)	0.45099	(0.0749621 0.013582 -1.33482e-20)
1557	Ua	0	(0 0.0093083 0)	0.45099	(0.0749621 0.013582 -1.33482e-20)
1558	Ua	0	(0 0.0093083 0)	0.45099	(0.0749621 0.013582 -1.33482e-20)
1559	Ua	0	(0 0.0093083 0)	0.45099	(0.0749621 0.013582 -1.33482e-20)
1560	Ua	0	(0 0.0093083 0)	0.45099	(0.0749621 0.013582 -1.33482e-20)
1561	Ua	0	(0 0.0093083 0)	0.45099	(0.0749621 0.013582 -1.33482e-20)
1562	Ua	0	(0 0.0093083 0)	0.45099	(0.0749621 0.013582 -1.33482e-20)
1563	Ua	0	(0 0.0093083 0)	0.45099	(0.0749621 0.013582 -1.33482e-20)
1564	Ua	0	(0 0.0093083 0)	0.45099	(0.0749621 0.013582 -1.33482e-20)
1565	Ua	0	(0 0.0093083 0)	0.45099	(0.0749621 0.013582 -1.33482e-20)
1566	Ua	0	(0 0.0093083 0)	0.45099	(0.0749621 0.013582 -1.33482e-20)
1567	Ua	0	(0 0.0093083 0)	0.45099	(0.0749621 0.013582 -1.33482e-20)
1568	Ua	0	(0 0.0093083 0)	0.45099	(0.0749621 0.013582 -1.33482e-20)
1569	Ua	0	(0 0.0093083 0)	0.45099	(0.0749621 0.013582 -1.33482e-20)
1570	Ua	0	(0 0.0093083 0)	0.45099	(0.0749621 0.013582 -1.33482e-20)
1571	Ua	0	(0 0.0093083 0)	0.45099	(0.0749621 0.013582 -1.33482e-20)
1572	Ua	0	(0 0.0093083 0)	0.45099	(0.0749621 0.013582 -1.33482e-20)
1573	Ua	0	(0 0.0093083 0)	0.45099	(0.0749621 0.013582 -1.33482e-20)
1574	Ua	0	(0 0.0093083 0)	0.45099	(0.0749621 0.013582 -1.33482e-20)
1575	Ua	0	(0 0.0093083 0)	0.45099	(0.0749621 0.013582 -1.33482e-20)
1576	Ua	0	(0 0.0093083 0)	0.45099	(0.0749621 0.013582 -1.33482e-20)
1577	Ua	0	(0 0.0093083 0)	0.45099	(0.0749621 0.013582 -1.33482e-20)
1578	Ua	0	(0 0.0093083 0)	0.45099	(0.0749621 0.013582 -1.33482e-20)
1579	Ua	0	(0 0.0093083 0)	0.45099	(0.0749621 0.013582 -1.33482e-20)
1580	Ua	0	(0 0.0093083 0)	0.45099	(0.0749621 0.013582 -1.33482e-20)
1581	Ua	0	(0 0.0093083 0)	0.45099	(0.0749621 0.013582 -1.33482e-20)
1582	Ua	0	(0 0.0093083 0)	0.45099	(0.0749621 0.013582 -1.33482e-20)
1583	Ua	0	(0 0.0093083 0)	0.45099	(0.0749621 0.013582 -1.33482e-20)
1584	Ua	0	(0 0.0093083 0)	0.45099	(0.0749621 0.013582 -1.33482e-20)
1585	Ua	0	(0 0.0093083 0)	0.45099	(0.0749621 0.013582 -1.33482e-20)
1586	Ua	0	(0 0.0093083 0)	0.45099	(0.0749621 0.013582 -1.33482e-20)
1587	Ua	0	(0 0.0093083 0)	0.45099	(0.0749621 0.013582 -1.33482e-20)
1588	Ua	0	(0 0.0093083 0)	0.45099	(0.0749621 0.013582 -1.33482e-20)
1589	Ua	0	(0 0.0093083 0)	0.45099	(0.0749621 0.013582 -1.33482e-20)
1590	Ua	0	(0 0.0093083 0)	0.45099	(0.0749621 0.013582 -1.33482e-20)
1591	Ua	0	(0 0.0093083 0)	0.45099	(0.0749621 0.013582 -1.33482e-20)
1592	Ua	0	(0 0.0093083 0)	0.45099	(0.0749621 0.013582 -1.33482e-20)
1593	Ua	0	(0 0.0093083 0)	0.45099	(0.0749621 0.013582 -1.33482e-20)
1594	Ua	0	(0 0.0093083 0)	0.45099	(0.0749621 0.013582 -1.33482e-20)
1595	Ua	0	(0 0.0093083 0)	0.45099	(0.0749621 0.013582 -1.33482e-20)
1596	Ua	0	(0 0.0093083 0)	0.45099	(0.0749621 0.013582 -1.33482e-20)
1597	Ua	0	(0 0.0093083 0)	0.45099	(0.0749621 0.013582 -1.33482e-20)
1598	Ua	0	(0 0.0093083 0)	0.45099	(0.0749621 0.013582 -1.33482e-20)
1599	Ua	0	(0 0.0093083 0)	0.45099	(0.0749621 0.013582 -1.33482e-20)
1600	Ua	0	(0 0.0093083 0)	0.45099	(0.0749621 0.013582 -1.33482e-20)
1601	Ua	0	(0 0.0093083 0)	0.45099	(0.0749621 0.013582 -1.33482e-20)
1602	Ua	0	(0 0.0093083 0)	0.45099	(0.0749621 0.013582 -1.33482e-20)
1603	Ua	0	(0 0.0093083 0)	0.45099	(0.0749621 0.013582 -1.33482e-20)
1604	Ua	0	(0 0.0093083 0)	0.45099	(0.0749621 0.013582 -1.33482e-20)
1605	Ua	0	(0 0.0093083 0)	0.45099	(0.0749621 0.013582 -1.33482e-20)
1606	Ua	0	(0 0.0093083 0)	0.45099	(0.0749621 0.013582 -1.33482e-20)
1607	Ua	0	(0 0.0093083 0)	0.45099	(0.0749621 0.013582 -1.33482e-20)
1608	Ua	0	(0 0.0093083 0)	0.45099	(0.0749621 0.013582 -1.33482e-20)
1609	Ua	0	(0 0.0093083 0)	0.45099	(0.0749621 0.013582 -1.33482e-20)
1610	Ua	0	(0 0.0093083 0)	0.45099	(0.0749621 0.013582 -1.33482e-20)
1611	Ua	0	(0 0.0093083 0)	0.45099	(0.0749621 0.013582 -1.33482e-20)
1612	Ua	0	(0 0.0093083 0)	0.45099	(0.0749621 0.013582 -1.33482e-20)
1613	Ua	0	(0 0.0093083 0)	0.45099	(0.0749621 0.013582 -1.33482e-20)
1614	Ua	0	(0 0.0093083 0)	0.45099	(0.0749621 0.013582 -1.33482e-20)
1615	Ua	0	(0 0.0093083 0)	0.45099	(0.0749621 0.013582 -1.33482e-20)
1616	Ua	0	(0 0.0093083 0)	0.45099	(0.0749621 0.013582 -1.33482e-20)
1617	Ua	0	(0 0.0093083 0)	0.45099	(0.0749621 0.013582 -1.33482e-20)
1618	Ua	0	(0 0.0093083 0)	0.45099	(0.0749621 0.013582 -1.33482e-20)
1619	Ua	0	(0 0.0093083 0)	0.45099	(0.0749621 0.013582 -1.33482e-20)
1620	Ua	0	(0 0.0093083 0)	0.45099	(0.0749621 0.013582 -1.33482e-20)
1621	Ua	0	(0 0.0093083 0)	0.45099	(0.0749621 0.013582 -1.33482e-20)
1622	Ua	0	(0 0.0093083 0)	0.45099	(0.0749621 0.013582 -1.33482e-20)
1623	Ua	0	(0 0.0093083 0)	0.45099	(0.0749621 0.013582 -1.33482e-20)
1624	Ua	0	(0 0.0093083 0)	0.45099	(0.0749621 0.013582 -1.33482e-20)
1625	Ua	0	(0 0.0093083 0)	0.45099	(0.0749621 0.013582 -1.33482e-20)
1626	Ua	0	(0 0.0093083 0)	0.45099	(0.0749621 0.013582 -1.33482e-20)
1627	Ua	0	(0 0.0093083 0)	0.45099	(0.0749621 0.013582 -1.33482e-20)
1628	Ua	0	(0 0.0093083 0)	0.45099	(0.0749621 0.013582 -1.33482e-20)
1629	Ua	0	(0 0.0093083 0)	0.45099	(0.0749621 0.013582 -1.33482e-20)
1630	Ua	0	(0 0.0093083 0)	0.45099	(0.0749621 0.013582 -1.33482e-20)
1631	Ua	0	(0 0.0093083 0)	0.45099	(0.0749621 0.013582 -1.33482e-20)
1632	Ua	0	(0 0.0093083 0)	0.45099	(0.0749621 0.013582 -1.33482e-20)
1633	Ua	0	(0 0.0093083 0)	0.45099	(0.0749621 0.013582 -1.33482e-20)
1634	Ua	0	(0 0.0093083 0)	0.45099	(0.0749621 0.013582 -1.33482e-20)
1635	Ua	0	(0 0.0093083 0)	0.45099	(0.0749621 0.013582 -1.33482e-20)
1636	Ua	0	(0 0.0093083 0)	0.45099	(0.0749621 0.013582 -1.33482e-20)
1637	Ua	0	(0 0.0093083 0)	0.45099	(0.0749621 0.013582 -1.33482e-20)
1638	Ua	0	(0 0.0093083 0)	0.45099	(0.0749621 0.013582 -1.33482e-20)
1639	Ua	0	(0 0.0093083 0)	0.45099	(0.0749621 0.013582 -1.33482e-20)
1640	Ua	0	(0 0.0093083 0)	0.45099	(0.0749621 0.013582 -1.33482e-20)
1641	Ua	0	(0 0.0093083 0)	0.45099	(0.0749621 0.013582 -1.33482e-20)
1642	Ua	0	(0 0.0093083 0)	0.45099	(0.0749621 0.013582 -1.33482e-20)
1643	Ua	0	(0 0.0093083 0)	0.45099	(0.0749621 0.013582 -1.33482e-20)
1644	Ua	0	(0 0.0093083 0)	0.45099	(0.0749621 0.013582 -1.33482e-20)
1645	Ua	0	(0 0.0093083 0)	0.45099	(0.0749621 0.013582 -1.33482e-20)
1646	Ua	0	(0 0.0093083 0)	0.45099	(0.0749621 0.013582 -1.33482e-20)
1647	Ua	0	(0 0.0093083 0)	0.45099	(0.0749621 0.013582 -1.33482e-20)
1648	Ua	0	(0 0.0093083 0)	0.45099	(0.0749621 0.013582 -1.33482e-20)
1649	Ua	0	(0 0.0093083 0)	0.45099	(0.0749621 0.013582 -1.33482e-20)
1650	Ua	0	(0 0.0093083 0)	0.45099	(0.0749621 0.013582 -1.33482e-20)
1651	Ua	0	(0 0.0093083 0)	0.45099	(0.0749621 0.013582 -1.33482e-20)
1652	Ua	0	(0 0.0093083 0)	0.45099	(0.0749621 0.013582 -1.33482e-20)
1653	Ua	0	(0 0.0093083 0)	0.45099	(0.0749621 0.013582 -1.33482e-20)
1654	Ua	0	(0 0.0093083 0)	0.45099	(0.0749621 0.013582 -1.33482e-20)
1655	Ua	0	(0 0.0093083 0)	0.45099	(0.0749621 0.013582 -1.33482e-20)
1656	Ua	0	(0 0.0093083 0)	0.45099	(0.0749621 0.013582 -1.33482e-20)
1657	Ua	0	(0 0.0093083 0)	0.45099	(0.0749621 0.013582 -1.33482e-20)
1658	Ua	0	(0 0.0093083 0)	0.45099	(0.0749621 0.013582 -1.33482e-20)
1659	Ua	0	(0 0.0093083 0)	0.45099	(0.0749621 0.013582 -1.33482e-20)
1660	Ua	0	(0 0.0093083 0)	0.45099	(0.0749621 0.013582 -1.33482e-20)
1661	Ua	0	(0 0.0093083 0)	0.45099	(0.0749621 0.013582 -1.33482e-20)
1662	Ua	0	(0 0.0093083 0)	0.45099	(0.0749621 0.013582 -1.33482e-20)
1663	Ua	0	(0 0.0093083 0)	0.45099	(0.0749621 0.013582 -1.33482e-20)
1664	Ua	0	(0 0.0093083 0)	0.45099	(0.0749621 0.013582 -1.33482e-20)
1665	Ua	0	(0 0.0093083 0)	0.45099	(0.0749621 0.013582 -1.33482e-20)
1666	Ua	0	(0 0.0093083 0)	0.45099	(0.0749621 0.013582 -1.33482e-20)
1667	Ua	0	(0 0.0093083 0)	0.45099	(0.0749621 0.013582 -1.33482e-20)
1668	Ua	0	(0 0.0093083 0)	0.45099	(0.0749621 0.013582 -1.33482e-20)
1669	Ua	0	(0 0.0093083 0)	0.45099	(0.0749621 0.013582 -1.33482e-20)
1670	Ua	0	(0 0.0093083 0)	0.45099	(0.0749621 0.013582 -1.33482e-20)
1671	Ua	0	(0 0.0093083 0)	0.45099	(0.0749621 0.013582 -1.33482e-20)
1672	Ua	0	(0 0.0093083 0)	0.45099	(0.0749621 0.013582 -1.33482e-20)
1673	Ua	0	(0 0.0093083 0)	0.45099	(0.0749621 0.013582 -1.33482e-20)
1674	Ua	0	(0 0.0093083 0)	0.45099	(0.0749621 0.013582 -1.33482e-20)
1675	Ua	0	(0 0.0093083 0)	0.45099	(0.0749621 0.013582 -1.33482e-20)
1676	Ua	0	(0 0.0093083 0)	0.45099	(0.0749621 0.013582 -1.33482e-20)
1677	Ua	0	(0 0.0093083 0)	0.45099	(0.0749621 0.013582 -1.33482e-20)
1678	Ua	0	(0 0.0093083 0)	0.45099	(0.0749621 0.013582 -1.33482e-20)
1679	Ua	0	(0 0.0093083 0)	0.45099	(0.0749621 0.013582 -1.33482e-20)
1680	Ua	0	(0 0.0093083 0)	0.45099	(0.0749621 0.013582 -1.33482e-20)
1681	Ua	0	(0 0.0093083 0)	0.45099	(0.0749621 0.013582 -1.33482e-20)
1682	Ua	0	(0 0.0093083 0)	0.45099	(0.0749621 0.013582 -1.33482e-20)
1683	Ua	0	(0 0.0093083 0)	0.45099	(0.0749621 0.013582 -1.33482e-20)
1684	Ua	0	(0 0.0093083 0)	0.45099	(0.0749621 0.013582 -1.33482e-20)
1685	Ua	0	(0 0.0093083 0)	0.45099	(0.0749621 0.013582 -1.33482e-20)
1686	Ua	0	(0 0.0093083 0)	0.45099	(0.0749621 0.013582 -1.33482e-20)
1687	Ua	0	(0 0.0093083 0)	0.45099	(0.0749621 0.013582 -1.33482e-20)
1688	Ua	0	(0 0.0093083 0)	0.45099	(0.0749621 0.013582 -1.33482e-20)
1689	Ua	0	(0 0.0093083 0)	0.45099	(0.0749621 0.013582 -1.33482e-20)
1690	Ua	0	(0 0.0093083 0)	0.45099	(0.0749621 0.013582 -1.33482e-20)
1691	Ua	0	(0 0.0093083 0)	0.45099	(0.0749621 0.013582 -1.33482e-20)
1692	Ua	0	(0 0.0093083 0)	0.45099	(0.0749621 0.013582 -1.33482e-20)
1693	Ua	0	(0 0.0093083 0)	0.45099	(0.0749621 0.013582 -1.33482e-20)
1694	Ua	0	(0 0.0093083 0)	0.45099	(0.0749621 0.013582 -1.33482e-20)
1695	Ua	0	(0 0.0093083 0)	0.45099	(0.0749621 0.013582 -1.33482e-20)
1696	Ua	0	(0 0.0093083 0)	0.45099	(0.0749621 0.013582 -1.33482e-20)
1697	Ua	0	(0 0.0093083 0)	0.45099	(0.0749621 0.013582 -1.33482e-20)
1698	Ua	0	(0 0.0093083 0)	0.45099	(0.0749621 0.013582 -1.33482e-20)
1699	Ua	0	(0 0.0093083 0)	0.45099	(0.0749621 0.013582 -1.33482e-20)
1700	Ua	0	(0 0.0093083 0)	0.45099	(0.0749621 0.013582 -1.33482e-20)
1701	Ua	0	(0 0.0093083 0)	0.45099	(0.0749621 0.013582 -1.33482e-20)
1702	Ua	0	(0 0.0093083 0)	0.45099	(0.0749621 0.013582 -1.33482e-20)
1703	Ua	0	(0 0.0093083 0)	0.45099	(0.0749621 0.013582 -1.33482e-20)
1704	Ua	0	(0 0.0093083 0)	0.45099	(0.0749621 0.013582 -1.33482e-20)
1705	Ua	0	(0 0.0093083 0)	0.45099	(0.0749621 0.013582 -1.33482e-20)
1706	Ua	0	(0 0.0093083 0)	0.45099	(0.0749621 0.013582 -1.33482e-20)
1707	Ua	0	(0 0.0093083 0)	0.45099	(0.0749621 0.013582 -1.33482e-20)
1708	Ua	0	(0 0.0093083 0)	0.45099	(0.0749621 0.013582 -1.33482e-20)
1709	Ua	0	(0 0.0093083 0)	0.45099	(0.0749621 0.013582 -1.33482e-20)
1710	Ua	0	(0 0.0093083 0)	0.45099	(0.0749621 0.013582 -1.33482e-20)
1711	Ua	0	(0 0.0093083 0)	0.45099	(0.0749621 0.013582 -1.33482e-20)
1712	Ua	0	(0 0.0093083 0)	0.45099	(0.0749621 0.013582 -1.33482e-20)
1713	Ua	0	(0 0.0093083 0)	0.45099	(0.0749621 0.013582 -1.33482e-20)
1714	Ua	0	(0 0.0093083 0)	0.45099	(0.0749621 0.013582 -1.33482e-20)
1715	Ua	0	(0 0.0093083 0)	0.45099	(0.0749621 0.013582 -1.33482e-20)
1716	Ua	0	(0 0.0093083 0)	0.45099	(0.0749621 0.013582 -1.33482e-20)
1717	Ua	0	(0 0.0093083 0)	0.45099	(0.0749621 0.013582 -1.33482e-20)
1718	Ua	0	(0 0.0093083 0)	0.45099	(0.0749621 0.013582 -1.33482e-20)
1719	Ua	0	(0 0.0093083 0)	0.45099	(0.0749621 0.013582 -1.33482e-20)
1720	Ua	0	(0 0.0093083 0)	0.45099	(0.0749621 0.013582 -1.33482e-20)
1721	Ua	0	(0 0.0093083 0)	0.45099	(0.0749621 0.013582 -1.33482e-20)
1722	Ua	0	(0 0.0093083 0)	0.45099	(0.0749621 0.013582 -1.33482e-20)
1723	Ua	0	(0 0.0093083 0)	0.45099	(0.0749621 0.013582 -1.33482e-20)
1724	Ua	0	(0 0.0093083 0)	0.45099	(0.0749621 0.013582 -1.33482e-20)
1725	Ua	0	(0 0.0093083 0)	0.45099	(0.0749621 0.013582 -1.33482e-20)
1726	Ua	0	(0 0.0093083 0)	0.45099	(0.0749621 0.013582 -1.33482e-20)
1727	Ua	0	(0 0.0093083 0)	0.45099	(0.0749621 0.013582 -1.33482e-20)
1728	Ua	0	(0 0.0093083 0)	0.45099	(0.0749621 0.013582 -1.33482e-20)
1729	Ua	0	(0 0.0093083 0)	0.45099	(0.0749621 0.013582 -1.33482e-20)
1730	Ua	0	(0 0.0093083 0)	0.45099	(0.0749621 0.013582 -1.33482e-20)
1731	Ua	0	(0 0.0093083 0)	0.45099	(0.0749621 0.013582 -1.33482e-20)
1732	Ua	0	(0 0.0093083 0)	0.45099	(0.0749621 0.013582 -1.33482e-20)
1733	Ua	0	(0 0.0093083 0)	0.45099	(0.0749621 0.013582 -1.33482e-20)
1734	Ua	0	(0 0.0093083 0)	0.45099	(0.0749621 0.013582 -1.33482e-20)
1735	Ua	0	(0 0.0093083 0)	0.45099	(0.0749621 0.013582 -1.33482e-20)
1736	Ua	0	(0 0.0093083 0)	0.45099	(0.0749621 0.013582 -1.33482e-20)
1737	Ua	0	(0 0.0093083 0)	0.45099	(0.0749621 0.013582 -1.33482e-20)
1738	Ua	0	(0 0.0093083 0)	0.45099	(0.0749621 0.013582 -1.33482e-20)
1739	Ua	0	(0 0.0093083 0)	0.45099	(0.0749621 0.013582 -1.33482e-20)
1740	Ua	0	(0 0.0093083 0)	0.45099	(0.0749621 0.013582 -1.33482e-20)
1741	Ua	0	(0 0.0093083 0)	0.45099	(0.0749621 0.013582 -1.33482e-20)
1742	Ua	0	(0 0.0093083 0)	0.45099	(0.0749621 0.013582 -1.33482e-20)
1743	Ua	0	(0 0.0093083 0)	0.45099	(0.0749621 0.013582 -1.33482e-20)
1744	Ua	0	(0 0.0093083 0)	0.45099	(0.0749621 0.013582 -1.33482e-20)
1745	Ua	0	(0 0.0093083 0)	0.45099	(0.0749621 0.013582 -1.33482e-20)
1746	Ua	0	(0 0.0093083 0)	0.45099	(0.0749621 0.013582 -1.33482e-20)
1747	Ua	0	(0 0.0093083 0)	0.45099	(0.0749621 0.013582 -1.33482e-20)
1748	Ua	0	(0 0.0093083 0)	0.45099	(0.0749621 0.013582 -1.33482e-20)
1749	Ua	0	(0 0.0093083 0)	0.45099	(0.0749621 0.013582 -1.33482e-20)
1750	Ua	0	(0 0.0093083 0)	0.45099	(0.0749621 0.013582 -1.33482e-20)
1751	Ua	0	(0 0.0093083 0)	0.45099	(0.0749621 0.013582 -1.33482e-20)
1752	Ua	0	(0 0.0093083 0)	0.45099	(0.0749621 0.013582 -1.33482e-20)
1753	Ua	0	(0 0.0093083 0)	0.45099	(0.0749621 0.013582 -1.33482e-20)
1754	Ua	0	(0 0.0093083 0)	0.45099	(0.0749621 0.013582 -1.33482e-20)
1755	Ua	0	(0 0.0093083 0)	0.45099	(0.0749621 0.013582 -1.33482e-20)
1756	Ua	0	(0 0.0093083 0)	0.45099	(0.0749621 0.013582 -1.33482e-20)
1757	Ua	0	(0 0.0093083 0)	0.45099	(0.0749621 0.013582 -1.33482e-20)
1758	Ua	0	(0 0.0093083 0)	0.45099	(0.0749621 0.013582 -1.33482e-20)
1759	Ua	0	(0 0.0093083 0)	0.45099	(0.0749621 0.013582 -1.33482e-20)
1760	Ua	0	(0 0.0093083 0)	0.45099	(0.0749621 0.013582 -1.33482e-20)
1761	Ua	0	(0 0.0093083 0)	0.45099	(0.0749621 0.013582 -1.33482e-20)
1762	Ua	0	(0 0.0093083 0)	0.45099	(0.0749621 0.013582 -1.33482e-20)
1763	Ua	0	(0 0.0093083 0)	0.45099	(0.0749621 0.013582 -1.33482e-20)
1764	Ua	0	(0 0.0093083 0)	0.45099	(0.0749621 0.013582 -1.33482e-20)
1765	Ua	0	(0 0.0093083 0)	0.45099	(0.0749621 0.013582 -1.33482e-20)
1766	Ua	0	(0 0.0093083 0)	0.45099	(0.0749621 0.013582 -1.33482e-20)
1767	Ua	0	(0 0.0093083 0)	0.45099	(0.0749621 0.013582 -1.33482e-20)
1768	Ua	0	(0 0.0093083 0)	0.45099	(0.0749621 0.013582 -1.33482e-20)
1769	Ua	0	(0 0.0093083 0)	0.45099	(0.0749621 0.013582 -1.33482e-20)
1770	Ua	0	(0 0.0093083 0)	0.45099	(0.0749621 0.013582 -1.33482e-20)
1771	Ua	0	(0 0.0093083 0)	0.45099	(0.0749621 0.013582 -1.33482e-20)
1772	Ua	0	(0 0.0093083 0)	0.45099	(0.0749621 0.013582 -1.33482e-20)
1773	Ua	0	(0 0.0093083 0)	0.45099	(0.0749621 0.013582 -1.33482e-20)
1774	Ua	0	(0 0.0093083 0)	0.45099	(0.0749621 0.013582 -1.33482e-20)
1775	Ua	0	(0 0.0093083 0)	0.45099	(0.0749621 0.013582 -1.33482e-20)
1776	Ua	0	(0 0.0093083 0)	0.45099	(0.0749621 0.013582 -1.33482e-20)
1777	Ua	0	(0 0.0093083 0)	0.45099	(0.0749621 0.013582 -1.33482e-20)
1778	Ua	0	(0 0.0093083 0)	0.45099	(0.0749621 0.013582 -1.33482e-20)
1779	Ua	0	(0 0.0093083 0)	0.45099	(0.0749621 0.013582 -1.33482e-20)
1780	Ua	0	(0 0.0093083 0)	0.45099	(0.0749621 0.013582 -1.33482e-20)
1781	Ua	0	(0 0.0093083 0)	0.45099	(0.0749621 0.013582 -1.33482e-20)
1782	Ua	0	(0 0.0093083 0)	0.45099	(0.0749621 0.013582 -1.33482e-20)
1783	Ua	0	(0 0.0093083 0)	0.45099	(0.0749621 0.013582 -1.33482e-20)
1784	Ua	0	(0 0.0093083 0)	0.45099	(0.0749621 0.013582 -1.33482e-20)
1785	Ua	0	(0 0.0093083 0)	0.45099	(0.0749621 0.013582 -1.33482e-20)
1786	Ua	0	(0 0.0093083 0)	0.45099	(0.0749621 0.013582 -1.33482e-20)
1787	Ua	0	(0 0.0093083 0)	0.45099	(0.0749621 0.013582 -1.33482e-20)
1788	Ua	0	(0 0.0093083 0)	0.45099	(0.0749621 0.013582 -1.33482e-20)
1789	Ua	0	(0 0.0093083 0)	0.45099	(0.0749621 0.013582 -1.33482e-20)
1790	Ua	0	(0 0.0093083 0)	0.45099	(0.0749621 0.013582 -1.33482e-20)
1791	Ua	0	(0 0.0093083 0)	0.45099	(0.0749621 0.013582 -1.33482e-20)
1792	Ua	0	(0 0.0093083 0)	0.45099	(0.0749621 0.013582 -1.33482e-20)
1793	Ua	0	(0 0.0093083 0)	0.45099	(0.0749621 0.013582 -1.33482e-20)
1794	Ua	0	(0 0.0093083 0)	0.45099	(0.0749621 0.013582 -1.33482e-20)
1795	Ua	0	(0 0.0093083 0)	0.45099	(0.0749621 0.013582 -1.33482e-20)
1796	Ua	0	(0 0.0093083 0)	0.45099	(0.0749621 0.013582 -1.33482e-20)
1797	Ua	0	(0 0.0093083 0)	0.45099	(0.0749621 0.013582 -1.33482e-20)
1798	Ua	0	(0 0.0093083 0)	0.45099	(0.0749621 0.013582 -1.33482e-20)
1799	Ua	0	(0 0.0093083 0)	0.45099	(0.0749621 0.013582 -1.33482e-20)
1800	Ua	0	(0 0.0093083 0)	0.45099	(0.0749621 0.013582 -1.33482e-20)
1801	Ua	0	(0 0.0093083 0)	0.45099	(0.0749621 0.013582 -1.33482e-20)
1802	Ua	0	(0 0.0093083 0)	0.45099	(0.0749621 0.013582 -1.33482e-20)
1803	Ua	0	(0 0.0093083 0)	0.45099	(0.0749621 0.013582 -1.33482e-20)
1804	Ua	0	(0 0.0093083 0)	0.45099	(0.0749621 0.013582 -1.33482e-20)
1805	Ua	0	(0 0.0093083 0)	0.45099	(0.0749621 0.013582 -1.33482e-20)
1806	Ua	0	(0 0.0093083 0)	0.45099	(0.0749621 0.013582 -1.33482e-20)
1807	Ua	0	(0 0.0093083 0)	0.45099	(0.0749621 0.013582 -1.33482e-20)
1808	Ua	0	(0 0.0093083 0)	0.45099	(0.0749621 0.013582 -1.33482e-20)
1809	Ua	0	(0 0.0093083 0)	0.45099	(0.0749621 0.013582 -1.33482e-20)
1810	Ua	0	(0 0.0093083 0)	0.45099	(0.0749621 0.013582 -1.33482e-20)
1811	Ua	0	(0 0.0093083 0)	0.45099	(0.0749621 0.013582 -1.33482e-20)
1812	Ua	0	(0 0.0093083 0)	0.45099	(0.0749621 0.013582 -1.33482e-20)
1813	Ua	0	(0 0.0093083 0)	0.45099	(0.0749621 0.013582 -1.33482e-20)
1814	Ua	0	(0 0.0093083 0)	0.45099	(0.0749621 0.013582 -1.33482e-20)
1815	Ua	0	(0 0.0093083 0)	0.45099	(0.0749621 0.013582 -1.33482e-20)
1816	Ua	0	(0 0.0093083 0)	0.45099	(0.0749621 0.013582 -1.33482e-20)
1817	Ua	0	(0 0.0093083 0)	0.45099	(0.0749621 0.013582 -1.33482e-20)
1818	Ua	0	(0 0.0093083 0)	0.45099	(0.0749621 0.013582 -1.33482e-20)
1819	Ua	0	(0 0.0093083 0)	0.45099	(0.0749621 0.013582 -1.33482e-20)
1820	Ua	0	(0 0.0093083 0)	0.45099	(0.0749621 0.013582 -1.33482e-20)
1821	Ua	0	(0 0.0093083 0)	0.45099	(0.0749621 0.013582 -1.33482e-20)
1822	Ua	0	(0 0.0093083 0)	0.45099	(0.0749621 0.013582 -1.33482e-20)
1823	Ua	0	(0 0.0093083 0)	0.45099	(0.0749621 0.013582 -1.33482e-20)
1824	Ua	0	(0 0.0093083 0)	0.45099	(0.0749621 0.013582 -1.33482e-20)
1825	Ua	0	(0 0.0093083 0)	0.45099	(0.0749621 0.013582 -1.33482e-20)
1826	Ua	0	(0 0.0093083 0)	0.45099	(0.0749621 0.013582 -1.33482e-20)
1827	Ua	0	(0 0.0093083 0)	0.45099	(0.0749621 0.013582 -1.33482e-20)
1828	Ua	0	(0 0.0093083 0)	0.45099	(0.0749621 0.013582 -1.33482e-20)
1829	Ua	0	(0 0.0093083 0)	0.45099	(0.0749621 0.013582 -1.33482e-20)
1830	Ua	0	(0 0.0093083 0)	0.45099	(0.0749621 0.013582 -1.33482e-20)
1831	Ua	0	(0 0.0093083 0)	0.45099	(0.0749621 0.013582 -1.33482e-20)
1832	Ua	0	(0 0.0093083 0)	0.45099	(0.0749621 0.013582 -1.33482e-20)
1833	Ua	0	(0 0.0093083 0)	0.45099	(0.0749621 0.013582 -1.33482e-20)
1834	Ua	0	(0 0.0093083 0)	0.45099	(0.0749621 0.013582 -1.33482e-20)
1835	Ua	0	(0 0.0093083 0)	0.45099	(0.0749621 0.013582 -1.33482e-20)
1836	Ua	0	(0 0.0093083 0)	0.45099	(0.0749621 0.013582 -1.33482e-20)
1837	Ua	0	(0 0.0093083 0)	0.45099	(0.0749621 0.013582 -1.33482e-20)
1838	Ua	0	(0 0.0093083 0)	0.45099	(0.0749621 0.013582 -1.33482e-20)
1839	Ua	0	(0 0.0093083 0)	0.45099	(0.0749621 0.013582 -1.33482e-20)
1840	Ua	0	(0 0.0093083 0)	0.45099	(0.0749621 0.013582 -1.33482e-20)
1841	Ua	0	(0 0.0093083 0)	0.45099	(0.0749621 0.013582 -1.33482e-20)
1842	Ua	0	(0 0.0093083 0)	0.45099	(0.0749621 0.013582 -1.33482e-20)
1843	Ua	0	(0 0.0093083 0)	0.45099	(0.0749621 0.013582 -1.33482e-20)
1844	Ua	0	(0 0.0093083 0)	0.45099	(0.0749621 0.013582 -1.33482e-20)
1845	Ua	0	(0 0.0093083 0)	0.45099	(0.0749621 0.013582 -1.33482e-20)
1846	Ua	0	(0 0.0093083 0)	0.45099	(0.0749621 0.013582 -1.33482e-20)
1847	Ua	0	(0 0.0093083 0)	0.45099	(0.0749621 0.013582 -1.33482e-20)
1848	Ua	0	(0 0.0093083 0)	0.45099	(0.0749621 0.013582 -1.33482e-20)
1849	Ua	0	(0 0.0093083 0)	0.45099	(0.0749621 0.013582 -1.33482e-20)
1850	Ua	0	(0 0.0093083 0)	0.45099	(0.0749621 0.013582 -1.33482e-20)
1851	Ua	0	(0 0.0093083 0)	0.45099	(0.0749621 0.013582 -1.33482e-20)
1852	Ua	0	(0 0.0093083 0)	0.45099	(0.0749621 0.013582 -1.33482e-20)
1853	Ua	0	(0 0.0093083 0)	0.45099	(0.0749621 0.013582 -1.33482e-20)
1854	Ua	0	(0 0.0093083 0)	0.45099	(0.0749621 0.013582 -1.33482e-20)
1855	Ua	0	(0 0.0093083 0)	0.45099	(0.0749621 0.013582 -1.33482e-20)
1856	Ua	0	(0 0.0093083 0)	0.45099	(0.0749621 0.013582 -1.33482e-20)
1857	Ua	0	(0 0.0093083 0)	0.45099	(0.0749621 0.013582 -1.33482e-20)
1858	Ua	0	(0 0.0093083 0)	0.45099	(0.0749621 0.013582 -1.33482e-20)
1859	Ua	0	(0 0.0093083 0)	0.45099	(0.0749621 0.013582 -1.33482e-20)
1860	Ua	0	(0 0.0093083 0)	0.45099	(0.0749621 0.013582 -1.33482e-20)
1861	Ua	0	(0 0.0093083 0)	0.45099	(0.0749621 0.013582 -1.33482e-20)
1862	Ua	0	(0 0.0093083 0)	0.45099	(0.0749621 0.013582 -1.33482e-20)
1863	Ua	0	(0 0.0093083 0)	0.45099	(0.0749621 0.013582 -1.33482e-20)
1864	Ua	0	(0 0.0093083 0)	0.45099	(0.0749621 0.013582 -1.33482e-20)
1865	Ua	0	(0 0.0093083 0)	0.45099	(0.0749621 0.013582 -1.33482e-20)
1866	Ua	0	(0 0.0093083 0)	0.45099	(0.0749621 0.013582 -1.33482e-20)
1867	Ua	0	(0 0.0093083 0)	0.45099	(0.0749621 0.013582 -1.33482e-20)
1868	Ua	0	(0 0.0093083 0)	0.45099	(0.0749621 0.013582 -1.33482e-20)
1869	Ua	0	(0 0.0093083 0)	0.45099	(0.0749621 0.013582 -1.33482e-20)
1870	Ua	0	(0 0.0093083 0)	0.45099	(0.0749621 0.013582 -1.33482e-20)
1871	Ua	0	(0 0.0093083 0)	0.45099	(0.0749621 0.013582 -1.33482e-20)
1872	Ua	0	(0 0.0093083 0)	0.45099	(0.0749621 0.013582 -1.33482e-20)
1873	Ua	0	(0 0.0093083 0)	0.45099	(0.0749621 0.013582 -1.33482e-20)
1874	Ua	0	(0 0.0093083 0)	0.45099	(0.0749621 0.013582 -1.33482e-20)
1875	Ua	0	(0 0.0093083 0)	0.45099	(0.0749621 0.013582 -1.33482e-20)
1876	Ua	0	(0 0.0093083 0)	0.45099	(0.0749621 0.013582 -1.33482e-20)
1877	Ua	0	(0 0.0093083 0)	0.45099	(0.0749621 0.013582 -1.33482e-20)
1878	Ua	0	(0 0.0093083 0)	0.45099	(0.0749621 0.013582 -1.33482e-20)
1879	Ua	0	(0 0.0093083 0)	0.45099	(0.0749621 0.013582 -1.33482e-20)
1880	Ua	0	(0 0.0093083 0)	0.45099	(0.0749621 0.013582 -1.33482e-20)
1881	Ua	0	(0 0.0093083 0)	0.45099	(0.0749621 0.013582 -1.33482e-20)
1882	Ua	0	(0 0.0093083 0)	0.45099	(0.0749621 0.013582 -1.33482e-20)
1883	Ua	0	(0 0.0093083 0)	0.45099	(0.0749621 0.013582 -1.33482e-20)
1884	Ua	0	(0 0.0093083 0)	0.45099	(0.0749621 0.013582 -1.33482e-20)
1885	Ua	0	(0 0.0093083 0)	0.45099	(0.0749621 0.013582 -1.33482e-20)
1886	Ua	0	(0 0.0093083 0)	0.45099	(0.0749621 0.013582 -1.33482e-20)
1887	Ua	0	(0 0.0093083 0)	0.45099	(0.0749621 0.013582 -1.33482e-20)
1888	Ua	0	(0 0.0093083 0)	0.45099	(0.0749621 0.013582 -1.33482e-20)
1889	Ua	0	(0 0.0093083 0)	0.45099	(0.0749621 0.013582 -1.33482e-20)
1890	Ua	0	(0 0.0093083 0)	0.45099	(0.0749621 0.013582 -1.33482e-20)
1891	Ua	0	(0 0.0093083 0)	0.45099	(0.0749621 0.013582 -1.33482e-20)
1892	Ua	0	(0 0.0093083 0)	0.45099	(0.0749621 0.013582 -1.33482e-20)
1893	Ua	0	(0 0.0093083 0)	0.45099	(0.0749621 0.013582 -1.33482e-20)
1894	Ua	0	(0 0.0093083 0)	0.45099	(0.0749621 0.013582 -1.33482e-20)
1895	Ua	0	(0 0.0093083 0)	0.45099	(0.0749621 0.013582 -1.33482e-20)
1896	Ua	0	(0 0.0093083 0)	0.45099	(0.0749621 0.013582 -1.33482e-20)
1897	Ua	0	(0 0.0093083 0)	0.45099	(0.0749621 0.013582 -1.33482e-20)
1898	Ua	0	(0 0.0093083 0)	0.45099	(0.0749621 0.013582 -1.33482e-20)
1899	Ua	0	(0 0.0093083 0)	0.45099	(0.0749621 0.013582 -1.33482e-20)
1900	Ua	0	(0 0.0093083 0)	0.45099	(0.0749621 0.013582 -1.33482e-20)
1901	Ua	0	(0 0.0093083 0)	0.45099	(0.0749621 0.013582 -1.33482e-20)
1902	Ua	0	(0 0.0093083 0)	0.45099	(0.0749621 0.013582 -1.33482e-20)
1903	Ua	0	(0 0.0093083 0)	0.45099	(0.0749621 0.013582 -1.33482e-20)
1904	Ua	0	(0 0.0093083 0)	0.45099	(0.0749621 0.013582 -1.33482e-20)
1905	Ua	0	(0 0.0093083 0)	0.45099	(0.0749621 0.013582 -1.33482e-20)
1906	Ua	0	(0 0.0093083 0)	0.45099	(0.0749621 0.013582 -1.33482e-20)
1907	Ua	0	(0 0.0093083 0)	0.45099	(0.0749621 0.013582 -1.33482e-20)
1908	Ua	0	(0 0.0093083 0)	0.45099	(0.0749621 0.013582 -1.33482e-20)
1909	Ua	0	(0 0.0093083 0)	0.45099	(0.0749621 0.013582 -1.33482e-20)
1910	Ua	0	(0 0.0093083 0)	0.45099	(0.0749621 0.013582 -1.33482e-20)
1911	Ua	0	(0 0.0093083 0)	0.45099	(0.0749621 0.013582 -1.33482e-20)
1912	Ua	0	(0 0.0093083 0)	0.45099	(0.0749621 0.013582 -1.33482e-20)
1913	Ua	0	(0 0.0093083 0)	0.45099	(0.0749621 0.013582 -1.33482e-20)
1914	Ua	0	(0 0.0093083 0)	0.45099	(0.0749621 0.013582 -1.33482e-20)
1915	Ua	0	(0 0.0093083 0)	0.45099	(0.0749621 0.013582 -1.33482e-20)
1916	Ua	0	(0 0.0093083 0)	0.45099	(0.0749621 0.013582 -1.33482e-20)
1917	Ua	0	(0 0.0093083 0)	0.45099	(0.0749621 0.013582 -1.33482e-20)
1918	Ua	0	(0 0.0093083 0)	0.45099	(0.0749621 0.013582 -1.33482e-20)
1919	Ua	0	(0 0.0093083 0)	0.45099	(0.0749621 0.013582 -1.33482e-20)
1920	Ua	0	(0 0.0093083 0)	0.45099	(0.0749621 0.013582 -1.33482e-20)
1921	Ua	0	(0 0.0093083 0)	0.45099	(0.0749621 0.013582 -1.33482e-20)
1922	Ua	0	(0 0.0093083 0)	0.45099	(0.0749621 0.013582 -1.33482e-20)
1923	Ua	0	(0 0.0093083 0)	0.45099	(0.0749621 0.013582 -1.33482e-20)
1924	Ua	0	(0 0.0093083 0)	0.45099	(0.0749621 0.013582 -1.33482e-20)
1925	Ua	0	(0 0.0093083 0)	0.45099	(0.0749621 0.013582 -1.33482e-20)
1926	Ua	0	(0 0.0093083 0)	0.45099	(0.0749621 0.013582 -1.33482e-20)
1927	Ua	0	(0 0.0093083 0)	0.45099	(0.0749621 0.013582 -1.33482e-20)
1928	Ua	0	(0 0.0093083 0)	0.45099	(0.0749621 0.013582 -1.33482e-20)
1929	Ua	0	(0 0.0093083 0)	0.45099	(0.0749621 0.013582 -1.33482e-20)
1930	Ua	0	(0 0.0093083 0)	0.45099	(0.0749621 0.013582 -1.33482e-20)
1931	Ua	0	(0 0.0093083 0)	0.45099	(0.0749621 0.013582 -1.33482e-20)
1932	Ua	0	(0 0.0093083 0)	0.45099	(0.0749621 0.013582 -1.33482e-20)
1933	Ua	0	(0 0.0093083 0)	0.45099	(0.0749621 0.013582 -1.33482e-20)
1934	Ua	0	(0 0.0093083 0)	0.45099	(0.0749621 0.013582 -1.33482e-20)
1935	Ua	0	(0 0.0093083 0)	0.45099	(0.0749621 0.013582 -1.33482e-20)
1936	Ua	0	(0 0.0093083 0)	0.45099	(0.0749621 0.013582 -1.33482e-20)
1937	Ua	0	(0 0.0093083 0)	0.45099	(0.0749621 0.013582 -1.33482e-20)
1938	Ua	0	(0 0.0093083 0)	0.45099	(0.0749621 0.013582 -1.33482e-20)
1939	Ua	0	(0 0.0093083 0)	0.45099	(0.0749621 0.013582 -1.33482e-20)
1940	Ua	0	(0 0.0093083 0)	0.45099	(0.0749621 0.013582 -1.33482e-20)
1941	Ua	0	(0 0.0093083 0)	0.45099	(0.0749621 0.013582 -1.33482e-20)
1942	Ua	0	(0 0.0093083 0)	0.45099	(0.0749621 0.013582 -1.33482e-20)
1943	Ua	0	(0 0.0093083 0)	0.45099	(0.0749621 0.013582 -1.33482e-20)
1944	Ua	0	(0 0.0093083 0)	0.45099	(0.0749621 0.013582 -1.33482e-20)
1945	Ua	0	(0 0.0093083 0)	0.45099	(0.0749621 0.013582 -1.33482e-20)
1946	Ua	0	(0 0.0093083 0)	0.45099	(0.0749621 0.013582 -1.33482e-20)
1947	Ua	0	(0 0.0093083 0)	0.45099	(0.0749621 0.013582 -1.33482e-20)
1948	Ua	0	(0 0.0093083 0)	0.45099	(0.0749621 0.013582 -1.33482e-20)
1949	Ua	0	(0 0.0093083 0)	0.45099	(0.0749621 0.013582 -1.33482e-20)
1950	Ua	0	(0 0.0093083 0)	0.45099	(0.0749621 0.013582 -1.33482e-20)
1951	Ua	0	(0 0.0093083 0)	0.45099	(0.0749621 0.013582 -1.33482e-20)
1952	Ua	0	(0 0.0093083 0)	0.45099	(0.0749621 0.013582 -1.33482e-20)
1953	Ua	0	(0 0.0093083 0)	0.45099	(0.0749621 0.013582 -1.33482e-20)
1954	Ua	0	(0 0.0093083 0)	0.45099	(0.0749621 0.013582 -1.33482e-20)
1955	Ua	0	(0 0.0093083 0)	0.45099	(0.0749621 0.013582 -1.33482e-20)
1956	Ua	0	(0 0.0093083 0)	0.45099	(0.0749621 0.013582 -1.33482e-20)
1957	Ua	0	(0 0.0093083 0)	0.45099	(0.0749621 0.013582 -1.33482e-20)
1958	Ua	0	(0 0.0093083 0)	0.45099	(0.0749621 0.013582 -1.33482e-20)
1959	Ua	0	(0 0.0093083 0)	0.45099	(0.0749621 0.013582 -1.33482e-20)
1960	Ua	0	(0 0.0093083 0)	0.45099	(0.0749621 0.013582 -1.33482e-20)
1961	Ua	0	(0 0.0093083 0)	0.45099	(0.0749621 0.013582 -1.33482e-20)
1962	Ua	0	(0 0.0093083 0)	0.45099	(0.0749621 0.013582 -1.33482e-20)
1963	Ua	0	(0 0.0093083 0)	0.45099	(0.0749621 0.013582 -1.33482e-20)
1964	Ua	0	(0 0.0093083 0)	0.45099	(0.0749621 0.013582 -1.33482e-20)
1965	Ua	0	(0 0.0093083 0)	0.45099	(0.0749621 0.013582 -1.33482e-20)
1966	Ua	0	(0 0.0093083 0)	0.45099	(0.0749621 0.013582 -1.33482e-20)
1967	Ua	0	(0 0.0093083 0)	0.45099	(0.0749621 0.013582 -1.33482e-20)
1968	Ua	0	(0 0.0093083 0)	0.45099	(0.0749621 0.013582 -1.33482e-20)
1969	Ua	0	(0 0.0093083 0)	0.45099	(0.0749621 0.013582 -1.33482e-20)
1970	Ua	0	(0 0.0093083 0)	0.45099	(0.0749621 0.013582 -1.33482e-20)
1971	Ua	0	(0 0.0093083 0)	0.45099	(0.0749621 0.013582 -1.33482e-20)
1972	Ua	0	(0 0.0093083 0)	0.45099	(0.0749621 0.013582 -1.33482e-20)
1973	Ua	0	(0 0.0093083 0)	0.45099	(0.0749621 0.013582 -1.33482e-20)
1974	Ua	0	(0 0.0093083 0)	0.45099	(0.0749621 0.013582 -1.33482e-20)
1975	Ua	0	(0 0.0093083 0)	0.45099	(0.0749621 0.013582 -1.33482e-20)
1976	Ua	0	(0 0.0093083 0)	0.45099	(0.0749621 0.013582 -1.33482e-20)
1977	Ua	0	(0 0.0093083 0)	0.45099	(0.0749621 0.013582 -1.33482e-20)
1978	Ua	0	(0 0.0093083 0)	0.45099	(0.0749621 0.013582 -1.33482e-20)
1979	Ua	0	(0 0.0093083 0)	0.45099	(0.0749621 0.013582 -1.33482e-20)
1980	Ua	0	(0 0.0093083 0)	0.45099	(0.0749621 0.013582 -1.33482e-20)
1981	Ua	0	(0 0.0093083 0)	0.45099	(0.0749621 0.013582 -1.33482e-20)
1982	Ua	0	(0 0.0093083 0)	0.45099	(0.0749621 0.013582 -1.33482e-20)
1983	Ua	0	(0 0.0093083 0)	0.45099	(0.0749621 0.013582 -1.33482e-20)
1984	Ua	0	(0 0.0093083 0)	0.45099	(0.0749621 0.013582 -1.33482e-20)
1985	Ua	0	(0 0.0093083 0)	0.45099	(0.0749621 0.013582 -1.33482e-20)
1986	Ua	0	(0 0.0093083 0)	0.45099	(0.0749621 0.013582 -1.33482e-20)
1987	Ua	0	(0 0.0093083 0)	0.45099	(0.0749621 0.013582 -1.33482e-20)
1988	Ua	0	(0 0.0093083 0)	0.45099	(0.0749621 0.013582 -1.33482e-20)
1989	Ua	0	(0 0.0093083 0)	0.45099	(0.0749621 0.013582 -1.33482e-20)
1990	Ua	0	(0 0.0093083 0)	0.45099	(0.0749621 0.013582 -1.33482e-20)
1991	Ua	0	(0 0.0093083 0)	0.45099	(0.0749621 0.013582 -1.33482e-20)
1992	Ua	0	(0 0.0093083 0)	0.45099	(0.0749621 0.013582 -1.33482e-20)
1993	Ua	0	(0 0.0093083 0)	0.45099	(0.0749621 0.013582 -1.33482e-20)
1994	Ua	0	(0 0.0093083 0)	0.45099	(0.0749621 0.013582 -1.33482e-20)
1995	Ua	0	(0 0.0093083 0)	0.45099	(0.0749621 0.013582 -1.33482e-20)
1996	Ua	0	(0 0.0093083 0)	0.45099	(0.0749621 0.013582 -1.33482e-20)
1997	Ua	0	(0 0.0093083 0)	0.45099	(0.0749621 0.013582 -1.33482e-20)
1998	Ua	0	(0 0.0093083 0)	0.45099	(0.0749621 0.013582 -1.33482e-20)
1999	Ua	0	(0 0.0093083 0)	0.45099	(0.0749621 0.013582 -1.33482e-20)
2000	Ua	0	(0 0.0093083 0)	0.45099	(0.0749621 0.013582 -1.33482e-20)
