1. iter: 1.551520e-04 1.446144e+01 1.436366e+01 1.386596e+01 1.377008e+01 1.450179e+01 
2. iter: 1.551520e-04 1.446144e+01 1.436366e+01 1.386596e+01 1.377008e+01 1.450179e+01 
3. iter: 1.538260e-04 1.348497e+01 1.367496e+01 1.324681e+01 1.377642e+01 1.437373e+01 
4. iter: 1.530980e-04 1.348497e+01 1.367496e+01 1.324681e+01 1.377642e+01 1.444076e+01 
5. iter: 1.527200e-04 1.348497e+01 1.367496e+01 1.324681e+01 1.377642e+01 1.448951e+01 
6. iter: 1.488520e-04 1.364318e+01 1.367496e+01 1.324681e+01 1.377642e+01 1.448951e+01 
7. iter: 1.472380e-04 1.364318e+01 1.367496e+01 1.330012e+01 1.377642e+01 1.448951e+01 
8. iter: 1.470260e-04 1.373737e+01 1.367496e+01 1.330012e+01 1.377642e+01 1.448951e+01 
9. iter: 1.468920e-04 1.373737e+01 1.372227e+01 1.330012e+01 1.377642e+01 1.448951e+01 
10. iter: 1.420720e-04 1.373737e+01 1.372227e+01 1.350328e+01 1.377642e+01 1.448951e+01 
11. iter: 1.373660e-04 1.384735e+01 1.412875e+01 1.386596e+01 1.377008e+01 1.451204e+01 
12. iter: 1.373660e-04 1.384735e+01 1.412875e+01 1.386596e+01 1.377008e+01 1.451204e+01 
13. iter: 1.373350e-04 1.384735e+01 1.412875e+01 1.386596e+01 1.377008e+01 1.451924e+01 
14. iter: 1.373350e-04 1.384735e+01 1.412875e+01 1.386596e+01 1.377008e+01 1.451924e+01 
15. iter: 1.373350e-04 1.384735e+01 1.412875e+01 1.386596e+01 1.377008e+01 1.451924e+01 
16. iter: 1.373350e-04 1.384735e+01 1.412875e+01 1.386596e+01 1.377008e+01 1.451924e+01 
17. iter: 1.372820e-04 1.384735e+01 1.412875e+01 1.386596e+01 1.377008e+01 1.453446e+01 
18. iter: 1.369900e-04 1.384735e+01 1.412875e+01 1.390754e+01 1.377008e+01 1.453446e+01 
19. iter: 1.365840e-04 1.384735e+01 1.412875e+01 1.411905e+01 1.377008e+01 1.460597e+01 
20. iter: 1.365840e-04 1.384735e+01 1.412875e+01 1.411905e+01 1.377008e+01 1.460597e+01 
21. iter: 1.344380e-04 1.371191e+01 1.375019e+01 1.386053e+01 1.400062e+01 1.454327e+01 
22. iter: 1.342470e-04 1.371191e+01 1.375019e+01 1.386053e+01 1.401568e+01 1.454327e+01 
23. iter: 1.342370e-04 1.371191e+01 1.375019e+01 1.386280e+01 1.401568e+01 1.454327e+01 
24. iter: 1.340410e-04 1.371191e+01 1.375019e+01 1.396041e+01 1.401568e+01 1.454327e+01 
25. iter: 1.340410e-04 1.371191e+01 1.375019e+01 1.396041e+01 1.401568e+01 1.454327e+01 
26. iter: 1.340180e-04 1.371191e+01 1.375019e+01 1.396041e+01 1.401715e+01 1.454327e+01 
27. iter: 1.328560e-04 1.371191e+01 1.375019e+01 1.396041e+01 1.404153e+01 1.467708e+01 
28. iter: 1.328560e-04 1.371191e+01 1.375019e+01 1.396041e+01 1.404153e+01 1.467708e+01 
29. iter: 1.300670e-04 1.371191e+01 1.413232e+01 1.396041e+01 1.404153e+01 1.467708e+01 
30. iter: 1.300500e-04 1.371191e+01 1.403426e+01 1.396041e+01 1.404153e+01 1.467708e+01 
31. iter: 1.293560e-04 1.376246e+01 1.430280e+01 1.435883e+01 1.415329e+01 1.441731e+01 
32. iter: 1.275370e-04 1.374111e+01 1.420751e+01 1.407704e+01 1.419827e+01 1.460597e+01 
33. iter: 1.274530e-04 1.374111e+01 1.417464e+01 1.407704e+01 1.419827e+01 1.460597e+01 
34. iter: 1.274530e-04 1.374111e+01 1.417464e+01 1.407704e+01 1.419827e+01 1.460597e+01 
35. iter: 1.274530e-04 1.374111e+01 1.417464e+01 1.407704e+01 1.419827e+01 1.460597e+01 
36. iter: 1.274530e-04 1.374111e+01 1.417464e+01 1.407704e+01 1.419827e+01 1.460597e+01 
37. iter: 1.272310e-04 1.371191e+01 1.403426e+01 1.422401e+01 1.414837e+01 1.474807e+01 
38. iter: 1.272260e-04 1.371191e+01 1.403469e+01 1.422401e+01 1.414837e+01 1.474807e+01 
39. iter: 1.272260e-04 1.371191e+01 1.403469e+01 1.422401e+01 1.414837e+01 1.474807e+01 
40. iter: 1.269820e-04 1.374111e+01 1.417464e+01 1.407855e+01 1.420467e+01 1.465364e+01 
41. iter: 1.248070e-04 1.371191e+01 1.403469e+01 1.422401e+01 1.430182e+01 1.474807e+01 
42. iter: 1.248070e-04 1.371191e+01 1.403469e+01 1.422401e+01 1.430182e+01 1.474807e+01 
43. iter: 1.241980e-04 1.371191e+01 1.403469e+01 1.422401e+01 1.433601e+01 1.479296e+01 
44. iter: 1.241980e-04 1.371191e+01 1.403469e+01 1.422401e+01 1.433601e+01 1.479296e+01 
45. iter: 1.241970e-04 1.371172e+01 1.403469e+01 1.422401e+01 1.433601e+01 1.479296e+01 
46. iter: 1.241970e-04 1.371172e+01 1.403469e+01 1.422401e+01 1.433601e+01 1.479296e+01 
47. iter: 1.241800e-04 1.371172e+01 1.403469e+01 1.422401e+01 1.433601e+01 1.480143e+01 
48. iter: 1.234060e-04 1.371172e+01 1.403469e+01 1.422401e+01 1.440769e+01 1.480143e+01 
49. iter: 1.231840e-04 1.373334e+01 1.437602e+01 1.454840e+01 1.443232e+01 1.460809e+01 
50. iter: 1.231690e-04 1.372206e+01 1.437602e+01 1.453501e+01 1.443232e+01 1.460809e+01 
51. iter: 1.229010e-04 1.373184e+01 1.417464e+01 1.450792e+01 1.447267e+01 1.465423e+01 
52. iter: 1.217860e-04 1.372252e+01 1.417464e+01 1.450792e+01 1.447267e+01 1.476661e+01 
53. iter: 1.217860e-04 1.372252e+01 1.417464e+01 1.450792e+01 1.447267e+01 1.476661e+01 
54. iter: 1.216450e-04 1.372252e+01 1.417464e+01 1.450792e+01 1.448479e+01 1.476661e+01 
55. iter: 1.209890e-04 1.372252e+01 1.429823e+01 1.450792e+01 1.448479e+01 1.476661e+01 
56. iter: 1.209890e-04 1.372252e+01 1.429823e+01 1.450792e+01 1.448479e+01 1.476661e+01 
57. iter: 1.209890e-04 1.372252e+01 1.429823e+01 1.450792e+01 1.448479e+01 1.476661e+01 
58. iter: 1.202750e-04 1.372252e+01 1.429823e+01 1.450792e+01 1.454097e+01 1.478428e+01 
59. iter: 1.201780e-04 1.372252e+01 1.429823e+01 1.450792e+01 1.454097e+01 1.479762e+01 
60. iter: 1.201780e-04 1.372252e+01 1.429823e+01 1.450792e+01 1.454097e+01 1.479762e+01 
61. iter: 1.201780e-04 1.372252e+01 1.429823e+01 1.450792e+01 1.454097e+01 1.479762e+01 
62. iter: 1.201780e-04 1.372252e+01 1.429823e+01 1.450792e+01 1.454097e+01 1.479762e+01 
63. iter: 1.198710e-04 1.372252e+01 1.429823e+01 1.450792e+01 1.454097e+01 1.484871e+01 
64. iter: 1.198670e-04 1.371335e+01 1.429823e+01 1.450792e+01 1.454097e+01 1.484871e+01 
65. iter: 1.198670e-04 1.371335e+01 1.429823e+01 1.450792e+01 1.454097e+01 1.484871e+01 
66. iter: 1.198670e-04 1.371335e+01 1.429823e+01 1.450792e+01 1.454097e+01 1.484871e+01 
67. iter: 1.198670e-04 1.371335e+01 1.429823e+01 1.450792e+01 1.454097e+01 1.484871e+01 
68. iter: 1.198360e-04 1.371335e+01 1.435128e+01 1.450792e+01 1.454097e+01 1.484871e+01 
69. iter: 1.198360e-04 1.371335e+01 1.435128e+01 1.450792e+01 1.454097e+01 1.484871e+01 
70. iter: 1.198330e-04 1.371335e+01 1.434160e+01 1.450792e+01 1.454097e+01 1.484871e+01 
71. iter: 1.186970e-04 1.371335e+01 1.434160e+01 1.450792e+01 1.471568e+01 1.484871e+01 
72. iter: 1.186970e-04 1.371335e+01 1.434160e+01 1.450792e+01 1.471568e+01 1.484871e+01 
73. iter: 1.186970e-04 1.371335e+01 1.434160e+01 1.450792e+01 1.471568e+01 1.484871e+01 
74. iter: 1.186960e-04 1.371639e+01 1.434160e+01 1.450792e+01 1.471568e+01 1.484871e+01 
75. iter: 1.184370e-04 1.371181e+01 1.431920e+01 1.452353e+01 1.473831e+01 1.486121e+01 
76. iter: 1.179270e-04 1.371181e+01 1.431920e+01 1.452353e+01 1.473831e+01 1.493621e+01 
77. iter: 1.178660e-04 1.371181e+01 1.431920e+01 1.453378e+01 1.473831e+01 1.493621e+01 
78. iter: 1.178660e-04 1.371181e+01 1.431920e+01 1.453378e+01 1.473831e+01 1.493621e+01 
79. iter: 1.178660e-04 1.371181e+01 1.431920e+01 1.453378e+01 1.473831e+01 1.493621e+01 
80. iter: 1.178660e-04 1.371181e+01 1.431920e+01 1.453378e+01 1.473831e+01 1.493621e+01 
81. iter: 1.178660e-04 1.371181e+01 1.431920e+01 1.453378e+01 1.473831e+01 1.493621e+01 
82. iter: 1.178660e-04 1.371181e+01 1.431920e+01 1.453378e+01 1.473831e+01 1.493621e+01 
83. iter: 1.178660e-04 1.371181e+01 1.431920e+01 1.453378e+01 1.473831e+01 1.493621e+01 
84. iter: 1.177570e-04 1.371181e+01 1.431920e+01 1.453378e+01 1.475788e+01 1.493621e+01 
85. iter: 1.177570e-04 1.371181e+01 1.431920e+01 1.453378e+01 1.475788e+01 1.493621e+01 
86. iter: 1.177570e-04 1.371181e+01 1.431920e+01 1.453378e+01 1.475788e+01 1.493621e+01 
87. iter: 1.176680e-04 1.371181e+01 1.431920e+01 1.453378e+01 1.477904e+01 1.493621e+01 
88. iter: 1.176680e-04 1.371181e+01 1.431920e+01 1.453378e+01 1.477904e+01 1.493621e+01 
89. iter: 1.176600e-04 1.371181e+01 1.432668e+01 1.453378e+01 1.478075e+01 1.493621e+01 
90. iter: 1.176600e-04 1.371181e+01 1.432668e+01 1.453378e+01 1.478075e+01 1.493621e+01 
91. iter: 1.176440e-04 1.371181e+01 1.432668e+01 1.453378e+01 1.478075e+01 1.495915e+01 
92. iter: 1.175500e-04 1.371181e+01 1.432668e+01 1.454831e+01 1.478075e+01 1.495915e+01 
93. iter: 1.174370e-04 1.371181e+01 1.432668e+01 1.454831e+01 1.480660e+01 1.495915e+01 
94. iter: 1.172790e-04 1.371362e+01 1.432668e+01 1.457310e+01 1.480660e+01 1.495915e+01 
95. iter: 1.172790e-04 1.371362e+01 1.432668e+01 1.457310e+01 1.480660e+01 1.495915e+01 
96. iter: 1.172650e-04 1.371362e+01 1.432668e+01 1.457587e+01 1.480660e+01 1.495915e+01 
97. iter: 1.172060e-04 1.371362e+01 1.432668e+01 1.458670e+01 1.480660e+01 1.495915e+01 
98. iter: 1.172040e-04 1.371748e+01 1.434465e+01 1.463107e+01 1.477979e+01 1.493492e+01 
99. iter: 1.171840e-04 1.371718e+01 1.434465e+01 1.465055e+01 1.477979e+01 1.493492e+01 
100. iter: 1.171840e-04 1.371718e+01 1.434465e+01 1.465055e+01 1.477979e+01 1.493492e+01 
101. iter: 1.170990e-04 1.371718e+01 1.434465e+01 1.465055e+01 1.479264e+01 1.493492e+01 
102. iter: 1.170790e-04 1.371718e+01 1.434465e+01 1.465055e+01 1.479614e+01 1.493492e+01 
103. iter: 1.170790e-04 1.371718e+01 1.434465e+01 1.465055e+01 1.479614e+01 1.493492e+01 
104. iter: 1.170770e-04 1.371785e+01 1.434535e+01 1.465055e+01 1.479614e+01 1.493492e+01 
105. iter: 1.170760e-04 1.371785e+01 1.434582e+01 1.465055e+01 1.479614e+01 1.493492e+01 
106. iter: 1.170760e-04 1.371785e+01 1.434582e+01 1.465055e+01 1.479614e+01 1.493492e+01 
107. iter: 1.170750e-04 1.371785e+01 1.434582e+01 1.465167e+01 1.479614e+01 1.493492e+01 
108. iter: 1.170740e-04 1.371785e+01 1.434582e+01 1.465266e+01 1.479614e+01 1.493492e+01 
109. iter: 1.170300e-04 1.371265e+01 1.432716e+01 1.461541e+01 1.481616e+01 1.495838e+01 
110. iter: 1.170300e-04 1.371265e+01 1.432716e+01 1.461541e+01 1.481616e+01 1.495838e+01 
111. iter: 1.170080e-04 1.371265e+01 1.432716e+01 1.461541e+01 1.482106e+01 1.495838e+01 
112. iter: 1.169030e-04 1.371639e+01 1.434582e+01 1.465266e+01 1.481493e+01 1.494915e+01 
113. iter: 1.169020e-04 1.371639e+01 1.434582e+01 1.465266e+01 1.481493e+01 1.495035e+01 
114. iter: 1.168000e-04 1.371639e+01 1.434582e+01 1.465266e+01 1.483450e+01 1.495035e+01 
115. iter: 1.167630e-04 1.371639e+01 1.434636e+01 1.465266e+01 1.487164e+01 1.495035e+01 
116. iter: 1.166220e-04 1.371639e+01 1.434636e+01 1.469570e+01 1.487164e+01 1.495035e+01 
117. iter: 1.166130e-04 1.371639e+01 1.434636e+01 1.469570e+01 1.488758e+01 1.495035e+01 
118. iter: 1.166030e-04 1.371639e+01 1.434636e+01 1.470046e+01 1.488758e+01 1.495035e+01 
119. iter: 1.166030e-04 1.371639e+01 1.434636e+01 1.470046e+01 1.488758e+01 1.495035e+01 
120. iter: 1.165990e-04 1.371635e+01 1.434636e+01 1.470046e+01 1.488758e+01 1.495063e+01 
121. iter: 1.165500e-04 1.371635e+01 1.436268e+01 1.470046e+01 1.488758e+01 1.495063e+01 
122. iter: 1.164540e-04 1.371631e+01 1.439807e+01 1.468144e+01 1.486857e+01 1.496688e+01 
123. iter: 1.164380e-04 1.371631e+01 1.439807e+01 1.468144e+01 1.487429e+01 1.496688e+01 
124. iter: 1.163110e-04 1.371631e+01 1.439807e+01 1.472488e+01 1.487429e+01 1.496688e+01 
125. iter: 1.163010e-04 1.371631e+01 1.439807e+01 1.472488e+01 1.487429e+01 1.497520e+01 
126. iter: 1.163010e-04 1.371631e+01 1.439807e+01 1.472488e+01 1.487429e+01 1.497520e+01 
127. iter: 1.163010e-04 1.371631e+01 1.439807e+01 1.472488e+01 1.487429e+01 1.497520e+01 
128. iter: 1.162980e-04 1.371631e+01 1.439807e+01 1.473164e+01 1.487429e+01 1.497520e+01 
129. iter: 1.162710e-04 1.371631e+01 1.441569e+01 1.473164e+01 1.487429e+01 1.497520e+01 
130. iter: 1.162610e-04 1.371631e+01 1.442203e+01 1.473164e+01 1.487429e+01 1.497544e+01 
131. iter: 1.162610e-04 1.371631e+01 1.442203e+01 1.473164e+01 1.487429e+01 1.497544e+01 
132. iter: 1.162580e-04 1.371631e+01 1.442203e+01 1.476061e+01 1.487429e+01 1.497544e+01 
133. iter: 1.160620e-04 1.371631e+01 1.442203e+01 1.476061e+01 1.490232e+01 1.498437e+01 
134. iter: 1.160620e-04 1.371631e+01 1.442203e+01 1.476061e+01 1.490232e+01 1.498437e+01 
135. iter: 1.160600e-04 1.371631e+01 1.442203e+01 1.476061e+01 1.490232e+01 1.498693e+01 
136. iter: 1.160590e-04 1.371626e+01 1.442203e+01 1.476061e+01 1.490232e+01 1.498693e+01 
137. iter: 1.159210e-04 1.371626e+01 1.442203e+01 1.476061e+01 1.496383e+01 1.498693e+01 
138. iter: 1.159160e-04 1.371626e+01 1.442203e+01 1.476151e+01 1.496383e+01 1.498693e+01 
139. iter: 1.159050e-04 1.371626e+01 1.442203e+01 1.476517e+01 1.496383e+01 1.498693e+01 
140. iter: 1.159000e-04 1.371626e+01 1.442203e+01 1.476720e+01 1.496383e+01 1.498693e+01 
141. iter: 1.158930e-04 1.371626e+01 1.442682e+01 1.476720e+01 1.496383e+01 1.498693e+01 
142. iter: 1.158320e-04 1.371626e+01 1.442860e+01 1.476720e+01 1.496383e+01 1.499792e+01 
143. iter: 1.158300e-04 1.371626e+01 1.443188e+01 1.476720e+01 1.496383e+01 1.499792e+01 
144. iter: 1.158290e-04 1.371649e+01 1.443188e+01 1.476720e+01 1.496383e+01 1.499792e+01 
145. iter: 1.158240e-04 1.371649e+01 1.443188e+01 1.476720e+01 1.497048e+01 1.499792e+01 
146. iter: 1.158240e-04 1.371649e+01 1.443188e+01 1.476720e+01 1.497048e+01 1.499792e+01 
147. iter: 1.157290e-04 1.371649e+01 1.443188e+01 1.479636e+01 1.500000e+01 1.499792e+01 
148. iter: 1.156750e-04 1.371649e+01 1.443188e+01 1.482385e+01 1.500000e+01 1.499792e+01 
149. iter: 1.156750e-04 1.371649e+01 1.443188e+01 1.482385e+01 1.500000e+01 1.499792e+01 
150. iter: 1.156570e-04 1.371649e+01 1.443188e+01 1.482385e+01 1.500000e+01 1.500000e+01 
151. iter: 1.156570e-04 1.371649e+01 1.443188e+01 1.482385e+01 1.500000e+01 1.500000e+01 
152. iter: 1.156560e-04 1.371649e+01 1.443186e+01 1.482385e+01 1.500000e+01 1.500000e+01 
153. iter: 1.156560e-04 1.371649e+01 1.443186e+01 1.482385e+01 1.500000e+01 1.500000e+01 
154. iter: 1.156560e-04 1.371649e+01 1.443186e+01 1.482385e+01 1.500000e+01 1.500000e+01 
155. iter: 1.156560e-04 1.371649e+01 1.443186e+01 1.482385e+01 1.500000e+01 1.500000e+01 
156. iter: 1.156560e-04 1.371649e+01 1.443186e+01 1.482385e+01 1.500000e+01 1.500000e+01 
157. iter: 1.156550e-04 1.371649e+01 1.443219e+01 1.482385e+01 1.500000e+01 1.500000e+01 
158. iter: 1.156550e-04 1.371649e+01 1.443219e+01 1.482385e+01 1.500000e+01 1.500000e+01 
159. iter: 1.156550e-04 1.371649e+01 1.443219e+01 1.482385e+01 1.500000e+01 1.500000e+01 
160. iter: 1.156550e-04 1.371649e+01 1.443219e+01 1.482385e+01 1.500000e+01 1.500000e+01 
161. iter: 1.156550e-04 1.371649e+01 1.443219e+01 1.482385e+01 1.500000e+01 1.500000e+01 
162. iter: 1.156550e-04 1.371649e+01 1.443219e+01 1.482385e+01 1.500000e+01 1.500000e+01 
163. iter: 1.156550e-04 1.371649e+01 1.443219e+01 1.482385e+01 1.500000e+01 1.500000e+01 
164. iter: 1.156440e-04 1.371649e+01 1.443755e+01 1.482385e+01 1.500000e+01 1.500000e+01 
165. iter: 1.156440e-04 1.371649e+01 1.443755e+01 1.482385e+01 1.500000e+01 1.500000e+01 
166. iter: 1.156310e-04 1.371649e+01 1.443755e+01 1.485312e+01 1.500000e+01 1.500000e+01 
167. iter: 1.156310e-04 1.371649e+01 1.443755e+01 1.485312e+01 1.500000e+01 1.500000e+01 
168. iter: 1.156280e-04 1.371649e+01 1.443882e+01 1.485312e+01 1.500000e+01 1.500000e+01 
169. iter: 1.156280e-04 1.371649e+01 1.443882e+01 1.485312e+01 1.500000e+01 1.500000e+01 
170. iter: 1.156210e-04 1.371613e+01 1.444126e+01 1.484679e+01 1.500000e+01 1.500000e+01 
171. iter: 1.156190e-04 1.371613e+01 1.444186e+01 1.484679e+01 1.500000e+01 1.500000e+01 
172. iter: 1.156190e-04 1.371613e+01 1.444186e+01 1.484679e+01 1.500000e+01 1.500000e+01 
173. iter: 1.156190e-04 1.371613e+01 1.444186e+01 1.484679e+01 1.500000e+01 1.500000e+01 
174. iter: 1.156190e-04 1.371613e+01 1.444186e+01 1.484679e+01 1.500000e+01 1.500000e+01 
175. iter: 1.156190e-04 1.371613e+01 1.444186e+01 1.484679e+01 1.500000e+01 1.500000e+01 
176. iter: 1.156190e-04 1.371613e+01 1.444186e+01 1.484679e+01 1.500000e+01 1.500000e+01 
177. iter: 1.156190e-04 1.371613e+01 1.444186e+01 1.484679e+01 1.500000e+01 1.500000e+01 
178. iter: 1.156190e-04 1.371613e+01 1.444186e+01 1.484679e+01 1.500000e+01 1.500000e+01 
179. iter: 1.156190e-04 1.371613e+01 1.444186e+01 1.484679e+01 1.500000e+01 1.500000e+01 
180. iter: 1.156180e-04 1.371613e+01 1.444322e+01 1.484679e+01 1.500000e+01 1.500000e+01 
181. iter: 1.156180e-04 1.371613e+01 1.444322e+01 1.484679e+01 1.500000e+01 1.500000e+01 
182. iter: 1.156180e-04 1.371613e+01 1.444322e+01 1.484679e+01 1.500000e+01 1.500000e+01 
183. iter: 1.156180e-04 1.371613e+01 1.444322e+01 1.484679e+01 1.500000e+01 1.500000e+01 
184. iter: 1.156160e-04 1.371567e+01 1.444322e+01 1.484679e+01 1.500000e+01 1.500000e+01 
185. iter: 1.156160e-04 1.371567e+01 1.444322e+01 1.484679e+01 1.500000e+01 1.500000e+01 
186. iter: 1.156160e-04 1.371567e+01 1.444322e+01 1.484679e+01 1.500000e+01 1.500000e+01 
187. iter: 1.156160e-04 1.371567e+01 1.444322e+01 1.484679e+01 1.500000e+01 1.500000e+01 
188. iter: 1.156150e-04 1.371567e+01 1.444437e+01 1.484679e+01 1.500000e+01 1.500000e+01 
189. iter: 1.156070e-04 1.371567e+01 1.444719e+01 1.484679e+01 1.500000e+01 1.500000e+01 
190. iter: 1.156070e-04 1.371567e+01 1.444719e+01 1.484679e+01 1.500000e+01 1.500000e+01 
191. iter: 1.156070e-04 1.371567e+01 1.444719e+01 1.484679e+01 1.500000e+01 1.500000e+01 
192. iter: 1.155920e-04 1.371567e+01 1.445527e+01 1.484679e+01 1.500000e+01 1.500000e+01 
193. iter: 1.155630e-04 1.371567e+01 1.447673e+01 1.484679e+01 1.500000e+01 1.500000e+01 
194. iter: 1.155580e-04 1.371567e+01 1.450381e+01 1.484679e+01 1.500000e+01 1.500000e+01 
195. iter: 1.155570e-04 1.371567e+01 1.450381e+01 1.484654e+01 1.500000e+01 1.500000e+01 
196. iter: 1.155570e-04 1.371567e+01 1.450381e+01 1.484654e+01 1.500000e+01 1.500000e+01 
197. iter: 1.155520e-04 1.371567e+01 1.450381e+01 1.485187e+01 1.500000e+01 1.500000e+01 
198. iter: 1.155510e-04 1.371567e+01 1.450381e+01 1.485245e+01 1.500000e+01 1.500000e+01 
199. iter: 1.155510e-04 1.371567e+01 1.450381e+01 1.485245e+01 1.500000e+01 1.500000e+01 
200. iter: 1.155500e-04 1.371567e+01 1.450381e+01 1.485216e+01 1.500000e+01 1.500000e+01 
201. iter: 1.155500e-04 1.371567e+01 1.450381e+01 1.485216e+01 1.500000e+01 1.500000e+01 
202. iter: 1.155430e-04 1.371567e+01 1.450381e+01 1.485884e+01 1.500000e+01 1.500000e+01 
203. iter: 1.155420e-04 1.371577e+01 1.450381e+01 1.485884e+01 1.500000e+01 1.500000e+01 
204. iter: 1.155410e-04 1.371577e+01 1.450226e+01 1.485884e+01 1.500000e+01 1.500000e+01 
205. iter: 1.155380e-04 1.371577e+01 1.450226e+01 1.486442e+01 1.500000e+01 1.500000e+01 
206. iter: 1.155380e-04 1.371577e+01 1.450226e+01 1.486442e+01 1.500000e+01 1.500000e+01 
207. iter: 1.155380e-04 1.371577e+01 1.450226e+01 1.486442e+01 1.500000e+01 1.500000e+01 
208. iter: 1.155370e-04 1.371560e+01 1.450226e+01 1.486442e+01 1.500000e+01 1.500000e+01 
209. iter: 1.155370e-04 1.371560e+01 1.450226e+01 1.486442e+01 1.500000e+01 1.500000e+01 
210. iter: 1.155370e-04 1.371560e+01 1.450226e+01 1.486442e+01 1.500000e+01 1.500000e+01 
211. iter: 1.155370e-04 1.371560e+01 1.450226e+01 1.486442e+01 1.500000e+01 1.500000e+01 
212. iter: 1.155370e-04 1.371560e+01 1.450226e+01 1.486442e+01 1.500000e+01 1.500000e+01 
213. iter: 1.155360e-04 1.371560e+01 1.450226e+01 1.487256e+01 1.500000e+01 1.500000e+01 
214. iter: 1.155350e-04 1.371468e+01 1.450226e+01 1.487256e+01 1.500000e+01 1.500000e+01 
215. iter: 1.155350e-04 1.371468e+01 1.450226e+01 1.487256e+01 1.500000e+01 1.500000e+01 
216. iter: 1.155350e-04 1.371468e+01 1.450226e+01 1.487256e+01 1.500000e+01 1.500000e+01 
217. iter: 1.155350e-04 1.371468e+01 1.450226e+01 1.487256e+01 1.500000e+01 1.500000e+01 
218. iter: 1.155350e-04 1.371468e+01 1.450226e+01 1.487256e+01 1.500000e+01 1.500000e+01 
219. iter: 1.155350e-04 1.371468e+01 1.450226e+01 1.487256e+01 1.500000e+01 1.500000e+01 
220. iter: 1.155340e-04 1.371468e+01 1.450226e+01 1.487324e+01 1.500000e+01 1.500000e+01 
221. iter: 1.155340e-04 1.371468e+01 1.450226e+01 1.487324e+01 1.500000e+01 1.500000e+01 
222. iter: 1.155340e-04 1.371468e+01 1.450226e+01 1.487324e+01 1.500000e+01 1.500000e+01 
223. iter: 1.155340e-04 1.371468e+01 1.450226e+01 1.487324e+01 1.500000e+01 1.500000e+01 
224. iter: 1.155340e-04 1.371468e+01 1.450226e+01 1.487324e+01 1.500000e+01 1.500000e+01 
225. iter: 1.155340e-04 1.371468e+01 1.450226e+01 1.487324e+01 1.500000e+01 1.500000e+01 
226. iter: 1.155340e-04 1.371468e+01 1.450226e+01 1.487324e+01 1.500000e+01 1.500000e+01 
227. iter: 1.155340e-04 1.371468e+01 1.450226e+01 1.487324e+01 1.500000e+01 1.500000e+01 
228. iter: 1.155340e-04 1.371468e+01 1.450226e+01 1.487324e+01 1.500000e+01 1.500000e+01 
229. iter: 1.155340e-04 1.371468e+01 1.450226e+01 1.487324e+01 1.500000e+01 1.500000e+01 
230. iter: 1.155340e-04 1.371468e+01 1.450226e+01 1.487324e+01 1.500000e+01 1.500000e+01 
231. iter: 1.155340e-04 1.371468e+01 1.450226e+01 1.487324e+01 1.500000e+01 1.500000e+01 
232. iter: 1.155340e-04 1.371468e+01 1.450226e+01 1.487324e+01 1.500000e+01 1.500000e+01 
233. iter: 1.155340e-04 1.371468e+01 1.450226e+01 1.487324e+01 1.500000e+01 1.500000e+01 
234. iter: 1.155340e-04 1.371468e+01 1.450226e+01 1.487324e+01 1.500000e+01 1.500000e+01 
235. iter: 1.155340e-04 1.371468e+01 1.450226e+01 1.487324e+01 1.500000e+01 1.500000e+01 
236. iter: 1.155340e-04 1.371468e+01 1.450226e+01 1.487324e+01 1.500000e+01 1.500000e+01 
237. iter: 1.155340e-04 1.371468e+01 1.450226e+01 1.487324e+01 1.500000e+01 1.500000e+01 
238. iter: 1.155340e-04 1.371468e+01 1.450226e+01 1.487324e+01 1.500000e+01 1.500000e+01 
239. iter: 1.155340e-04 1.371468e+01 1.450226e+01 1.487324e+01 1.500000e+01 1.500000e+01 
240. iter: 1.155340e-04 1.371468e+01 1.450226e+01 1.487324e+01 1.500000e+01 1.500000e+01 
241. iter: 1.155340e-04 1.371468e+01 1.450226e+01 1.487324e+01 1.500000e+01 1.500000e+01 
242. iter: 1.155340e-04 1.371468e+01 1.450226e+01 1.487324e+01 1.500000e+01 1.500000e+01 
243. iter: 1.155340e-04 1.371468e+01 1.450226e+01 1.487324e+01 1.500000e+01 1.500000e+01 
244. iter: 1.155340e-04 1.371468e+01 1.450226e+01 1.487324e+01 1.500000e+01 1.500000e+01 
245. iter: 1.155340e-04 1.371468e+01 1.450226e+01 1.487324e+01 1.500000e+01 1.500000e+01 
246. iter: 1.155340e-04 1.371468e+01 1.450226e+01 1.487324e+01 1.500000e+01 1.500000e+01 
247. iter: 1.155340e-04 1.371468e+01 1.450226e+01 1.487324e+01 1.500000e+01 1.500000e+01 
248. iter: 1.155340e-04 1.371468e+01 1.450226e+01 1.487324e+01 1.500000e+01 1.500000e+01 
249. iter: 1.155340e-04 1.371468e+01 1.450226e+01 1.487324e+01 1.500000e+01 1.500000e+01 
250. iter: 1.155340e-04 1.371468e+01 1.450226e+01 1.487324e+01 1.500000e+01 1.500000e+01 
251. iter: 1.155340e-04 1.371468e+01 1.450226e+01 1.487324e+01 1.500000e+01 1.500000e+01 
252. iter: 1.155340e-04 1.371468e+01 1.450226e+01 1.487324e+01 1.500000e+01 1.500000e+01 
253. iter: 1.155340e-04 1.371468e+01 1.450226e+01 1.487324e+01 1.500000e+01 1.500000e+01 
254. iter: 1.155340e-04 1.371468e+01 1.450226e+01 1.487324e+01 1.500000e+01 1.500000e+01 
255. iter: 1.155340e-04 1.371468e+01 1.450226e+01 1.487324e+01 1.500000e+01 1.500000e+01 
256. iter: 1.155340e-04 1.371468e+01 1.450226e+01 1.487324e+01 1.500000e+01 1.500000e+01 
257. iter: 1.155340e-04 1.371468e+01 1.450226e+01 1.487324e+01 1.500000e+01 1.500000e+01 
258. iter: 1.155330e-04 1.371802e+01 1.450700e+01 1.487135e+01 1.500000e+01 1.500000e+01 
259. iter: 1.155330e-04 1.371802e+01 1.450700e+01 1.487135e+01 1.500000e+01 1.500000e+01 
260. iter: 1.155330e-04 1.371802e+01 1.450700e+01 1.487135e+01 1.500000e+01 1.500000e+01 
261. iter: 1.155330e-04 1.371802e+01 1.450700e+01 1.487135e+01 1.500000e+01 1.500000e+01 
262. iter: 1.155330e-04 1.371802e+01 1.450700e+01 1.487135e+01 1.500000e+01 1.500000e+01 
263. iter: 1.155330e-04 1.371802e+01 1.450700e+01 1.487135e+01 1.500000e+01 1.500000e+01 
264. iter: 1.155330e-04 1.371802e+01 1.450700e+01 1.487135e+01 1.500000e+01 1.500000e+01 
265. iter: 1.155330e-04 1.371802e+01 1.450700e+01 1.487135e+01 1.500000e+01 1.500000e+01 
266. iter: 1.155330e-04 1.371802e+01 1.450700e+01 1.487135e+01 1.500000e+01 1.500000e+01 
267. iter: 1.155330e-04 1.371802e+01 1.450700e+01 1.487135e+01 1.500000e+01 1.500000e+01 
268. iter: 1.155330e-04 1.371802e+01 1.450700e+01 1.487135e+01 1.500000e+01 1.500000e+01 
269. iter: 1.155330e-04 1.371802e+01 1.450700e+01 1.487135e+01 1.500000e+01 1.500000e+01 
270. iter: 1.155330e-04 1.371802e+01 1.450700e+01 1.487135e+01 1.500000e+01 1.500000e+01 
271. iter: 1.155330e-04 1.371802e+01 1.450700e+01 1.487135e+01 1.500000e+01 1.500000e+01 
272. iter: 1.155330e-04 1.371802e+01 1.450700e+01 1.487135e+01 1.500000e+01 1.500000e+01 
273. iter: 1.155330e-04 1.371802e+01 1.450700e+01 1.487135e+01 1.500000e+01 1.500000e+01 
274. iter: 1.155330e-04 1.371802e+01 1.450700e+01 1.487135e+01 1.500000e+01 1.500000e+01 
275. iter: 1.155330e-04 1.371802e+01 1.450700e+01 1.487135e+01 1.500000e+01 1.500000e+01 
276. iter: 1.155330e-04 1.371802e+01 1.450700e+01 1.487135e+01 1.500000e+01 1.500000e+01 
277. iter: 1.155330e-04 1.371802e+01 1.450700e+01 1.487135e+01 1.500000e+01 1.500000e+01 
278. iter: 1.155330e-04 1.371802e+01 1.450700e+01 1.487135e+01 1.500000e+01 1.500000e+01 
279. iter: 1.155330e-04 1.371802e+01 1.450700e+01 1.487135e+01 1.500000e+01 1.500000e+01 
280. iter: 1.155330e-04 1.371802e+01 1.450700e+01 1.487135e+01 1.500000e+01 1.500000e+01 
281. iter: 1.155330e-04 1.371802e+01 1.450700e+01 1.487135e+01 1.500000e+01 1.500000e+01 
282. iter: 1.155330e-04 1.371802e+01 1.450700e+01 1.487135e+01 1.500000e+01 1.500000e+01 
283. iter: 1.155330e-04 1.371802e+01 1.450700e+01 1.487135e+01 1.500000e+01 1.500000e+01 
284. iter: 1.155330e-04 1.371802e+01 1.450700e+01 1.487135e+01 1.500000e+01 1.500000e+01 
285. iter: 1.155330e-04 1.371802e+01 1.450700e+01 1.487135e+01 1.500000e+01 1.500000e+01 
286. iter: 1.155330e-04 1.371802e+01 1.450700e+01 1.487135e+01 1.500000e+01 1.500000e+01 
287. iter: 1.155330e-04 1.371802e+01 1.450700e+01 1.487135e+01 1.500000e+01 1.500000e+01 
288. iter: 1.155330e-04 1.371802e+01 1.450700e+01 1.487135e+01 1.500000e+01 1.500000e+01 
289. iter: 1.155330e-04 1.371802e+01 1.450700e+01 1.487135e+01 1.500000e+01 1.500000e+01 
290. iter: 1.155330e-04 1.371802e+01 1.450700e+01 1.487135e+01 1.500000e+01 1.500000e+01 
291. iter: 1.155330e-04 1.371802e+01 1.450700e+01 1.487135e+01 1.500000e+01 1.500000e+01 
292. iter: 1.155330e-04 1.371802e+01 1.450700e+01 1.487135e+01 1.500000e+01 1.500000e+01 
293. iter: 1.155330e-04 1.371802e+01 1.450700e+01 1.487135e+01 1.500000e+01 1.500000e+01 
294. iter: 1.155330e-04 1.371802e+01 1.450700e+01 1.487135e+01 1.500000e+01 1.500000e+01 
295. iter: 1.155330e-04 1.371802e+01 1.450700e+01 1.487135e+01 1.500000e+01 1.500000e+01 
296. iter: 1.155330e-04 1.371802e+01 1.450700e+01 1.487135e+01 1.500000e+01 1.500000e+01 
297. iter: 1.155330e-04 1.371802e+01 1.450700e+01 1.487135e+01 1.500000e+01 1.500000e+01 
298. iter: 1.155330e-04 1.371802e+01 1.450700e+01 1.487135e+01 1.500000e+01 1.500000e+01 
299. iter: 1.155330e-04 1.371802e+01 1.450700e+01 1.487135e+01 1.500000e+01 1.500000e+01 
300. iter: 1.155330e-04 1.371802e+01 1.450700e+01 1.487135e+01 1.500000e+01 1.500000e+01 
301. iter: 1.155330e-04 1.371802e+01 1.450700e+01 1.487135e+01 1.500000e+01 1.500000e+01 
302. iter: 1.155330e-04 1.371802e+01 1.450700e+01 1.487135e+01 1.500000e+01 1.500000e+01 
303. iter: 1.155330e-04 1.371802e+01 1.450700e+01 1.487135e+01 1.500000e+01 1.500000e+01 
304. iter: 1.155330e-04 1.371802e+01 1.450700e+01 1.487135e+01 1.500000e+01 1.500000e+01 
305. iter: 1.155330e-04 1.371802e+01 1.450700e+01 1.487135e+01 1.500000e+01 1.500000e+01 
306. iter: 1.155330e-04 1.371802e+01 1.450700e+01 1.487135e+01 1.500000e+01 1.500000e+01 
307. iter: 1.155330e-04 1.371802e+01 1.450700e+01 1.487135e+01 1.500000e+01 1.500000e+01 
308. iter: 1.155330e-04 1.371802e+01 1.450700e+01 1.487135e+01 1.500000e+01 1.500000e+01 
309. iter: 1.155330e-04 1.371802e+01 1.450700e+01 1.487135e+01 1.500000e+01 1.500000e+01 
310. iter: 1.155330e-04 1.371802e+01 1.450700e+01 1.487135e+01 1.500000e+01 1.500000e+01 
311. iter: 1.155330e-04 1.371802e+01 1.450700e+01 1.487135e+01 1.500000e+01 1.500000e+01 
312. iter: 1.155330e-04 1.371802e+01 1.450700e+01 1.487135e+01 1.500000e+01 1.500000e+01 
313. iter: 1.155330e-04 1.371802e+01 1.450700e+01 1.487135e+01 1.500000e+01 1.500000e+01 
314. iter: 1.155330e-04 1.371802e+01 1.450700e+01 1.487135e+01 1.500000e+01 1.500000e+01 
315. iter: 1.155330e-04 1.371802e+01 1.450700e+01 1.487135e+01 1.500000e+01 1.500000e+01 
316. iter: 1.155330e-04 1.371802e+01 1.450700e+01 1.487135e+01 1.500000e+01 1.500000e+01 
317. iter: 1.155330e-04 1.371802e+01 1.450700e+01 1.487135e+01 1.500000e+01 1.500000e+01 
318. iter: 1.155330e-04 1.371802e+01 1.450700e+01 1.487135e+01 1.500000e+01 1.500000e+01 
319. iter: 1.155330e-04 1.371802e+01 1.450700e+01 1.487135e+01 1.500000e+01 1.500000e+01 
320. iter: 1.155330e-04 1.371802e+01 1.450700e+01 1.487135e+01 1.500000e+01 1.500000e+01 
321. iter: 1.155330e-04 1.371802e+01 1.450700e+01 1.487135e+01 1.500000e+01 1.500000e+01 
322. iter: 1.155330e-04 1.371802e+01 1.450700e+01 1.487135e+01 1.500000e+01 1.500000e+01 
323. iter: 1.155330e-04 1.371802e+01 1.450700e+01 1.487135e+01 1.500000e+01 1.500000e+01 
324. iter: 1.155330e-04 1.371802e+01 1.450700e+01 1.487135e+01 1.500000e+01 1.500000e+01 
325. iter: 1.155330e-04 1.371802e+01 1.450700e+01 1.487135e+01 1.500000e+01 1.500000e+01 
326. iter: 1.155330e-04 1.371802e+01 1.450700e+01 1.487135e+01 1.500000e+01 1.500000e+01 
327. iter: 1.155330e-04 1.371802e+01 1.450700e+01 1.487135e+01 1.500000e+01 1.500000e+01 
328. iter: 1.155330e-04 1.371802e+01 1.450700e+01 1.487135e+01 1.500000e+01 1.500000e+01 
329. iter: 1.155330e-04 1.371802e+01 1.450700e+01 1.487135e+01 1.500000e+01 1.500000e+01 
330. iter: 1.155330e-04 1.371802e+01 1.450700e+01 1.487135e+01 1.500000e+01 1.500000e+01 
331. iter: 1.155330e-04 1.371802e+01 1.450700e+01 1.487135e+01 1.500000e+01 1.500000e+01 
332. iter: 1.155330e-04 1.371802e+01 1.450700e+01 1.487135e+01 1.500000e+01 1.500000e+01 
333. iter: 1.155330e-04 1.371802e+01 1.450700e+01 1.487135e+01 1.500000e+01 1.500000e+01 
334. iter: 1.155330e-04 1.371802e+01 1.450700e+01 1.487135e+01 1.500000e+01 1.500000e+01 
335. iter: 1.155330e-04 1.371802e+01 1.450700e+01 1.487135e+01 1.500000e+01 1.500000e+01 
336. iter: 1.155330e-04 1.371802e+01 1.450700e+01 1.487135e+01 1.500000e+01 1.500000e+01 
